162 177 367 116 344 163 109 185 185 317 317 462 454 234 474 284 57 157 465 37
74 150 190 386 423 0 231 295 214 74 0 213 252 469 276 239 121 436 375 253
311 204 269 340 70 111 151 10 440 409 0 159 237 109 363 386 411 74 162 349
169 381 25 2 33 355 169 293 459 237 179 2 483 411 132 428 410 34 60 235
9 238 115 184 305 145 0 15 425 0 406 31 33 297 44 235 111 154 476 28
462 247 94 220 462 0 481 458 42 299 70 318 0 196 255 44 319 358 297 204
19 111 322 276 211 218 144 220 258 237 405 105 319 483 458 454 115 460 0 235
149 150 407 489 42 237 306 470 237 193 234 57 440 146 277 270 386 465 419 237
450 222 386 279 204 440 105 9 204 253 377 259 151 417 464 104 175 284 258 269
333 141 437 235 406 402 36 469 440 214 77 56 19 281 177 10 440 249 244 163
240 53 445 7 0 454 237 214 42 386 297 47 438 116 172 237 46 53 174 270
393 398 221 469 332 204 492 179 474 156 235 5 250 203 259 481 483 460 458 193
474 424 441 18 74 94 356 458 161 383 419 109 185 458 0 104 111 218 0 204
177 235 352 338 189 226 11 35 231 159 429 412 336 30 439 440 469 397 235 419
272 362 150 0 383 112 175 163 22 490 149 64 435 185 47 120 93 121 109 270
151 77 15 379 289 0 185 187 133 299 0 0 139 483 425 406 99 185 112 367
299 237 163 0 405 440 339 119 288 458 400 163 344 43 214 288 163 182 117 410
266 378 410 355 20 386 196 204 157 163 429 239 95 37 193 435 384 150 2 483
331 166 210 78 95 34 235 368 301 179 270 237 0 363 0 237 186 237 318 360
238 371 492 0 41 438 416 151 121 371 440 492 380 368 282 163 259 440 124 174
396 469 486 285 247 150 163 74 151 193 94 204 104 351 61 222 445 431 70 449
223 148 378 479 435 400 124 279 289 15 454 60 440 257 0 0 270 480 299 251
261 460 57 355 480 237 164 398 15 119 460 133 104 49 222 196 137 438 237 171
405 124 299 389 237 299 223 450 198 299 175 360 0 161 154 386 454 349 164 196
464 235 0 101 333 457 293 109 393 319 335 438 333 204 336 412 190 0 489 33
86 149 317 70 173 458 487 132 81 356 378 47 109 162 5 47 99 221 270 378
493 57 231 316 56 370 222 429 74 464 204 464 0 396 440 367 18 483 56 34
223 254 372 259 368 378 460 136 163 135 412 109 429 106 200 272 117 283 471 20
250 156 345 299 328 237 136 166 196 189 40 335 276 425 363 487 487 355 177 476
464 299 266 0 15 445 266 475 86 237 150 440 0 149 272 449 177 464 42 492
116 480 378 0 163 452 464 386 133 483 412 461 380 121 371 365 385 104 105 163
191 89 253 159 195 431 204 338 57 92 185 383 148 250 336 247 133 235 0 386
283 494 371 121 231 388 316 115 487 115 94 301 37 331 161 222 318 238 237 454
140 0 318 237 492 219 95 177 259 34 77 274 25 2 296 154 33 334 130 18
126 158 461 141 237 205 302 338 299 275 477 43 214 104 117 253 239 254 53 489
425 231 440 133 204 259 338 417 433 157 235 228 454 298 383 383 36 204 403 48
467 239 237 115 283 371 120 316 378 104 311 0 237 316 438 115 237 119 454 78
409 154 0 173 54 259 429 483 163 124 492 464 204 176 9 237 97 0 226 390
439 406 30 417 242 42 19 405 386 187 404 18 119 454 394 231 476 317 237 189
490 458 495 175 425 461 236 332 386 346 383 330 338 50 318 237 316 0 0 275
189 212 71 454 479 257 173 235 386 441 416 31 297 417 149 289 336 358 476 452
29 57 438 235 338 290 454 431 368 47 492 439 163 67 0 46 445 253 328 264
323 385 454 178 29 291 424 18 237 275 104 386 166 425 237 454 168 383 105 344
311 429 410 221 275 419 183 378 239 235 465 106 458 152 386 489 9 235 109 383
294 85 492 48 265 471 78 481 185 74 389 487 440 95 489 266 440 30 0 301
94 77 68 487 483 48 336 68 120 308 363 316 406 258 237 174 422 240 247 454
215 245 168 416 204 246 454 378 204 448 38 410 42 492 371 410 310 214 338 301
22 334 222 212 297 367 425 483 318 18 237 237 175 204 150 290 338 44 95 149
31 363 247 172 236 299 54 492 122 483 196 235 177 116 318 85 48 33 417 432
66 406 114 193 16 95 465 34 79 458 440 22 425 237 111 23 469 250 158 419
458 232 183 455 163 469 20 291 149 417 193 193 385 341 486 317 205 15 338 18
15 397 0 492 262 297 454 46 237 119 378 299 445 294 98 237 159 240 299 410
24 46 483 181 454 442 386 237 363 196 175 365 222 37 139 301 149 31 53 110
140 0 334 94 290 104 363 240 411 0 109 33 36 239 122 299 475 124 50 237
250 391 209 332 293 385 299 151 67 145 214 163 240 0 462 193 0 53 363 46
96 310 238 175 163 393 46 111 211 395 410 336 154 425 456 289 335 386 118 115
338 204 83 476 333 440 149 239 0 439 151 396 237 18 367 134 175 173 440 431
121 185 305 284 167 426 0 237 454 443 17 441 163 88 288 44 0 181 493 34
487 108 368 464 435 369 316 456 85 0 237 386 104 412 429 251 163 176 238 458
403 419 149 281 384 148 237 163 149 425 159 0 242 0 61 297 104 339 247 313
285 468 175 95 458 443 237 46 48 149 62 492 301 175 54 164 322 196 237 151
443 18 487 18 97 332 148 237 377 0 150 163 157 160 352 65 260 288 258 235
151 385 299 489 177 40 440 60 149 461 119 297 115 9 150 365 109 178 0 0
156 157 25 1 487 419 96 279 287 0 256 68 119 410 225 55 19 487 106 458
174 139 184 130 373 372 237 439 365 0 301 443 366 375 456 454 431 469 440 204
463 373 257 409 205 119 378 53 130 204 73 299 386 0 405 386 386 112 237 444
313 115 115 458 270 214 257 0 15 488 159 190 150 15 487 149 371 403 31 386
296 247 0 282 175 24 204 231 452 211 454 67 368 65 47 492 0 288 196 358
207 266 492 275 136 440 360 175 231 95 410 174 115 120 299 34 492 415 48 163
185 289 150 461 237 214 390 277 338 449 458 193 105 150 460 336 480 266 53 495
136 0 290 382 222 270 363 458 183 204 104 335 54 305 124 378 279 410 151 391
365 213 4 488 480 378 283 0 457 225 410 289 0 320 414 259 339 492 215 336
112 369 177 220 0 0 394 489 383 115 79 249 163 487 425 185 338 163 299 412
25 155 284 410 365 0 93 251 149 385 495 185 492 0 208 492 9 299 130 469
219 171 451 458 124 237 454 186 289 414 203 381 253 231 70 435 429 259 0 60
120 368 388 440 156 429 237 3 0 412 234 310 368 85 289 55 492 439 469 447
220 290 352 413 386 159 258 394 316 355 186 177 454 68 419 275 35 68 289 42
32 443 299 175 360 70 440 18 119 234 386 378 214 99 460 457 18 386 151 216
27 323 149 0 235 270 489 384 458 371 302 288 204 190 441 126 0 317 59 494
251 20 425 0 410 342 360 214 454 335 319 133 179 32 463 469 159 151 120 358
369 133 95 237 483 211 104 334 163 403 149 301 237 235 0 96 57 130 481 383
63 234 70 37 69 198 138 205 223 0 365 111 104 425 288 237 163 425 141 179
211 390 293 150 371 287 301 157 235 463 437 163 284 410 111 476 367 235 161 454
359 95 3 237 164 386 204 458 474 18 99 265 411 305 288 62 460 354 0 196
419 163 86 378 74 386 187 53 426 231 385 119 440 253 0 124 214 23 334 237
140 458 356 18 396 486 218 104 317 389 203 150 459 56 338 406 235 397 390 426
2 492 128 383 156 259 465 60 417 301 378 0 179 193 257 339 0 47 468 276
61 261 99 305 356 104 435 104 437 179 111 338 143 34 104 13 120 419 417 284
371 454 200 237 33 370 425 2 310 237 483 338 476 9 22 73 228 454 66 429
371 336 330 214 458 109 237 255 389 311 454 164 462 386 34 318 334 79 336 46
212 9 106 47 458 301 383 193 240 148 367 336 253 85 0 237 222 46 19 196
127 357 163 237 163 190 34 95 135 70 214 0 133 487 121 310 371 460 396 490
24 21 125 17 318 174 371 36 469 154 0 37 120 158 460 345 175 433 383 46
204 464 297 406 226 200 156 237 259 175 386 439 86 119 284 180 36 126 458 289
65 460 299 335 369 458 426 464 418 317 360 259 283 418 253 43 317 41 237 440
276 64 70 460 130 237 141 196 463 332 222 0 119 297 179 6 299 18 237 177
93 401 410 268 262 430 401 94 19 253 284 428 131 322 475 225 237 484 487 386
152 437 158 385 66 47 424 301 40 483 217 363 18 266 104 470 383 410 104 115
199 396 309 56 412 144 85 386 130 301 380 174 235 1 163 429 385 86 237 299
426 486 271 104 46 211 270 108 167 246 492 204 469 46 124 299 334 250 301 454
19 226 424 217 171 468 288 238 297 299 358 439 93 269 73 282 22 386 44 79
115 212 416 235 120 338 196 131 270 275 0 79 461 375 53 328 476 76 317 219
235 410 174 157 305 120 167 235 271 3 186 290 345 274 120 378 0 133 96 411
286 33 363 387 173 254 368 115 175 385 107 151 301 460 47 0 289 0 316 440
97 42 396 69 213 301 317 447 0 35 458 180 208 235 417 454 193 487 334 237
204 402 163 104 203 81 239 57 28 464 242 37 158 336 157 96 108 163 262 318
344 298 235 237 95 89 226 124 492 416 226 483 83 487 0 425 470 34 14 269
455 150 446 317 270 358 459 440 358 104 54 251 219 18 447 299 112 119 386 35
83 53 119 293 34 49 316 378 228 179 483 175 142 454 329 204 34 258 124 101
319 225 454 168 298 299 108 478 189 333 7 318 99 237 0 114 237 149 439 266
336 105 449 449 33 113 358 193 334 391 255 95 429 237 411 241 204 133 378 469
481 310 175 279 235 422 28 29 356 400 310 95 440 44 378 425 417 204 206 34
201 318 363 363 196 44 163 239 439 476 367 237 415 316 0 218 299 467 490 237
291 456 151 150 231 237 150 68 33 42 458 454 153 276 42 9 0 431 495 210
30 161 68 489 0 318 334 477 159 464 149 151 489 60 338 191 259 119 440 468
296 491 103 34 270 0 454 422 163 275 473 386 104 109 119 0 81 47 204 9
389 190 220 381 251 287 237 316 77 483 378 323 419 124 109 157 237 0 214 208
147 0 469 193 163 419 323 385 461 356 231 46 458 31 492 386 116 186 235 478
173 454 174 104 464 417 19 213 172 412 332 492 74 483 66 252 389 317 276 440
426 42 253 290 273 226 208 0 115 259 198 57 177 328 204 333 384 412 412 415
257 259 367 163 338 417 492 112 279 464 0 293 237 220 47 68 211 461 204 450
411 247 292 180 468 83 236 20 301 109 338 458 237 11 456 133 109 462 151 95
487 157 92 298 163 320 36 186 440 38 163 383 0 298 219 119 425 444 475 235
269 116 80 428 222 299 237 92 0 25 239 454 53 340 259 386 406 479 378 148
66 153 214 13 289 440 371 237 378 386 148 71 334 383 234 441 299 426 104 490
20 282 386 0 155 151 0 180 492 0 80 342 9 386 425 370 454 187 119 104
193 461 129 0 412 35 204 124 254 371 149 460 318 151 257 104 386 178 119 469
113 105 151 203 177 438 464 34 429 177 154 367 218 250 371 318 34 470 161 30
329 54 272 0 48 86 274 193 417 237 419 42 63 221 95 125 35 193 400 449
223 3 99 151 123 148 319 449 419 275 184 111 459 154 222 46 301 287 391 106
437 223 258 483 283 204 213 231 237 91 319 115 338 330 371 154 159 429 163 193
282 269 498 44 301 164 474 436 386 214 168 38 89 111 417 319 412 64 425 63
278 415 150 81 479 144 92 436 332 113 376 454 464 53 302 18 275 365 409 384
285 314 160 416 449 389 0 449 383 193 0 370 237 299 237 299 0 36 290 371
326 130 307 483 313 0 104 128 85 104 210 295 77 193 151 464 42 435 72 378
192 206 417 465 42 331 359 119 111 237 211 42 0 378 104 171 76 19 44 409
365 187 161 60 111 177 338 435 119 445 492 144 179 0 386 460 271 379 70 450
103 4 115 131 149 333 483 260 115 157 481 390 458 53 460 297 202 435 238 378
226 86 386 231 454 219 119 474 98 299 479 383 46 259 50 406 412 124 158 283
321 176 74 0 382 216 138 410 439 0 0 161 406 239 299 385 193 190 409 125
111 435 11 163 454 301 412 250 330 80 210 63 204 95 175 311 237 204 106 258
142 409 53 234 438 51 181 154 299 316 365 403 95 450 46 324 235 0 383 33
405 383 39 289 124 162 53 492 19 163 428 31 0 481 440 460 172 338 0 0
325 209 389 386 150 45 247 254 172 65 433 20 193 222 386 163 77 13 163 237
53 111 334 265 428 5 431 400 450 22 231 257 0 124 203 376 104 334 138 336
237 36 223 179 237 334 386 236 460 383 464 138 115 175 439 464 306 185 371 120
378 440 393 385 18 160 235 54 237 46 140 385 177 492 120 77 0 338 177 222
301 47 242 472 174 150 270 216 299 255 212 96 232 440 229 222 212 260 410 236
317 89 372 492 449 492 239 47 492 138 302 42 412 333 320 386 439 2 237 163
492 449 412 83 429 204 279 458 492 235 195 195 457 333 237 301 87 311 334 390
218 34 200 150 200 368 378 34 458 396 185 465 77 389 284 79 283 253 419 289
392 65 207 174 319 0 133 163 352 274 490 454 365 461 221 237 79 104 443 373
135 239 96 297 214 323 247 410 203 265 338 305 422 74 317 429 483 237 299 301
251 178 79 34 158 235 150 380 429 426 93 239 30 149 458 44 179 299 412 298
146 144 66 57 149 410 204 483 492 71 474 358 150 440 216 460 454 200 18 435
85 299 338 81 373 133 237 46 92 14 180 402 440 288 275 367 474 405 78 352
156 70 378 149 378 319 465 454 406 440 157 214 290 235 46 95 109 195 237 362
199 77 365 0 105 28 312 95 259 222 150 175 378 235 386 185 0 237 405 0
92 408 241 484 111 54 455 283 223 0 175 106 258 237 190 363 170 115 386 287
318 317 72 318 163 428 237 454 77 86 461 352 104 479 157 237 4 22 433 289
306 342 487 220 419 311 449 296 163 150 222 54 54 369 289 454 235 454 0 282
254 321 266 483 406 237 433 149 458 299 175 386 237 60 454 440 299 95 212 214
95 156 481 386 193 301 378 115 338 80 449 231 237 104 104 429 204 70 490 196
382 104 417 254 111 237 464 483 18 440 175 163 383 94 2 323 409 385 193 109
47 166 8 386 175 406 25 483 270 419 70 275 100 299 104 225 299 434 440 19
327 485 189 46 0 483 320 363 274 274 389 55 464 275 338 299 457 242 440 95
238 169 483 235 494 235 316 492 8 104 459 98 449 322 0 175 70 435 163 266
300 56 394 318 158 181 456 0 222 31 237 71 215 1 222 340 328 332 386 386
466 349 487 155 0 440 0 146 163 93 449 439 0 318 46 383 96 69 237 67
213 492 499 54 159 121 437 111 34 262 0 193 475 447 79 21 0 223 492 492
434 181 269 237 412 318 0 367 235 409 275 180 0 440 190 445 406 440 78 492
307 405 67 187 358 397 292 0 228 94 464 410 47 247 237 211 394 176 298 82
409 50 180 257 299 421 70 367 29 495 452 440 283 0 360 299 157 363 183 216
212 423 342 207 146 150 70 274 38 257 105 386 124 431 163 464 270 386 387 383
246 342 380 6 179 111 458 492 290 454 54 53 384 443 15 454 47 475 157 281
371 297 148 164 439 429 322 338 459 318 47 85 499 0 214 266 237 237 231 218
440 458 386 124 396 322 157 0 438 0 438 419 19 213 318 417 386 383 454 229
383 271 124 253 460 371 389 492 301 463 161 386 469 201 42 464 201 31 386 457
161 74 31 269 3 115 436 116 454 177 338 96 18 159 454 191 464 258 19 367
116 105 253 193 181 0 0 326 0 123 464 161 485 82 492 367 204 440 29 454
112 355 469 417 19 389 454 231 104 33 204 20 426 90 5 204 438 437 53 235
389 67 20 386 0 454 492 193 46 163 149 237 338 204 411 117 44 383 1 417
193 79 11 458 301 471 242 322 65 345 353 443 31 124 235 0 301 203 28 492
438 0 386 495 115 163 19 237 240 125 290 416 34 465 386 378 355 301 371 410
145 433 310 133 458 36 77 298 386 77 316 55 20 458 287 265 174 235 218 85
479 171 419 30 440 109 383 133 316 157 371 109 151 410 96 429 0 433 53 458
30 266 420 479 335 465 204 449 216 74 471 0 94 68 186 0 48 60 0 231
112 464 222 170 301 222 19 385 440 270 315 411 86 275 375 245 46 38 283 386
288 434 141 334 270 316 154 33 454 483 283 95 493 96 208 151 0 337 429 419
105 130 132 179 464 149 0 17 378 358 379 316 196 386 204 454 0 454 73 493
50 431 104 333 163 116 487 335 211 276 151 367 46 458 60 235 386 0 231 189
272 355 120 203 454 222 56 293 235 361 449 433 120 109 119 163 301 454 175 386
186 383 417 355 148 467 162 268 162 401 168 178 422 363 119 218 426 94 92 190
198 368 156 356 322 175 425 438 66 494 0 120 386 150 86 406 319 154 0 316
358 475 250 85 222 33 385 386 373 202 126 405 469 254 106 187 50 440 158 35
188 492 106 426 237 417 85 367 475 301 95 382 378 445 23 133 31 77 9 405
474 148 444 389 417 10 0 66 440 335 397 335 458 478 483 299 204 259 396 328
470 39 174 111 365 48 311 150 104 222 48 463 18 461 299 440 26 151 86 151
337 340 139 236 296 95 282 338 75 412 349 206 410 365 237 374 208 80 253 279
458 43 53 119 167 56 270 163 386 374 19 481 196 299 417 5 159 365 385 18
54 68 379 456 184 265 397 43 269 47 95 31 206 156 53 329 465 477 299 162
141 446 193 297 258 185 415 383 204 158 440 235 393 65 345 392 18 332 62 386
190 433 314 253 95 397 349 244 206 299 163 487 172 44 410 360 109 410 0 299
476 383 79 317 383 180 0 468 264 145 443 405 365 19 333 258 50 483 204 0
498 411 365 46 204 5 234 111 289 82 156 290 120 358 0 464 0 151 433 483
18 21 375 487 18 299 229 495 487 379 286 336 319 299 389 226 446 105 204 72
237 469 259 226 71 204 386 149 458 109 433 385 300 159 31 454 80 438 487 399
281 68 412 9 230 435 367 193 447 483 186 151 467 436 383 0 16 44 295 419
217 157 410 226 386 281 55 77 489 182 99 120 336 15 94 0 328 63 237 141
148 317 462 222 186 298 57 323 234 214 431 476 18 119 124 28 483 475 406 25
209 122 425 386 270 37 0 124 385 104 122 139 454 322 297 104 68 492 149 412
0 297 151 0 175 327 151 23 259 48 371 15 0 358 352 454 457 416 171 0
228 318 298 310 368 19 237 298 322 323 468 141 86 405 429 281 385 33 0 383
382 476 447 316 272 174 481 140 378 109 301 444 349 193 487 148 270 385 386 483
474 288 462 278 276 292 104 426 103 460 0 237 0 411 479 293 152 164 334 157
133 53 237 222 196 96 34 405 235 400 317 270 50 135 429 458 18 149 96 411
310 281 101 156 213 386 270 34 306 237 315 226 68 412 389 419 239 214 358 204
133 77 0 157 426 299 79 74 490 46 467 115 33 435 454 454 30 107 437 237
378 169 174 397 62 383 270 386 193 235 318 169 49 464 409 120 110 386 316 53
284 63 372 237 417 231 367 163 121 319 275 259 89 239 458 77 440 41 204 435
489 19 322 185 177 270 0 47 237 36 299 358 312 452 386 18 464 175 299 406
39 442 288 293 302 235 14 299 158 152 92 99 439 253 221 237 102 36 492 478
237 190 297 92 250 2 0 185 258 456 250 452 237 338 47 440 223 163 261 233
13 493 255 235 47 35 92 335 173 301 269 193 42 435 189 386 464 15 105 193
476 74 167 295 338 332 156 476 458 25 440 367 319 172 469 214 30 297 112 454
390 454 190 419 386 289 204 458 177 163 216 57 301 0 459 184 386 400 471 378
345 386 358 476 163 150 203 259 458 464 454 219 237 335 329 495 367 154 179 278
67 160 133 425 204 386 402 295 42 196 440 54 70 36 225 283 452 235 119 282
416 167 46 34 444 283 474 163 386 0 383 492 371 31 296 112 105 371 106 386
228 297 57 385 269 371 311 467 105 417 234 240 204 139 229 283 409 222 19 229
55 48 29 262 151 185 235 458 237 406 149 193 282 454 480 371 417 33 32 390
145 458 233 487 0 174 265 18 435 377 31 95 237 103 157 353 405 85 104 284
457 173 211 258 187 222 235 163 270 426 34 429 120 144 365 394 338 272 46 367
127 318 46 443 479 328 237 272 389 389 417 163 0 333 371 237 489 159 419 419
158 480 190 409 120 204 435 46 458 301 452 429 222 390 109 440 386 50 440 107
100 390 469 121 487 42 463 0 385 237 365 19 299 316 180 239 344 419 270 296
312 120 440 138 459 175 235 105 469 237 77 234 184 311 181 0 449 445 355 275
435 293 138 431 364 378 492 44 437 318 149 220 109 349 222 431 0 454 116 458
77 13 311 388 159 483 130 237 105 358 190 119 175 204 237 138 18 0 435 119
169 10 41 275 151 403 86 47 458 149 358 57 229 296 179 181 410 378 174 233
68 293 24 68 339 235 42 477 3 214 452 235 406 0 429 411 393 464 17 457
263 101 0 156 178 177 410 338 139 289 242 222 237 378 42 440 89 458 123 352
479 371 495 163 77 385 429 297 74 97 367 53 163 196 157 330 440 461 359 332
312 50 96 68 412 386 243 31 163 370 364 285 62 494 185 86 41 31 214 79
81 390 493 450 305 461 0 371 20 213 385 185 48 214 253 454 491 163 469 18
253 163 204 282 103 237 445 47 116 336 223 204 492 46 254 449 409 0 0 190
461 209 483 412 221 454 0 458 209 237 20 419 279 449 386 18 386 492 257 191
237 157 42 256 237 363 425 189 73 87 435 437 371 7 237 338 193 120 295 120
281 367 61 20 323 119 357 459 332 109 490 479 273 104 78 237 115 89 409 299
492 464 389 144 112 419 0 458 86 334 270 492 492 96 344 212 151 222 457 488
452 454 452 406 157 235 213 237 258 190 375 319 67 259 163 104 206 164 461 33
154 336 235 196 63 301 455 479 419 0 102 163 204 489 237 301 109 283 410 253
180 60 433 276 492 319 367 440 486 424 53 149 458 124 390 57 279 221 229 237
431 444 14 475 96 453 235 235 386 396 371 42 229 445 50 108 439 433 143 95
270 316 206 177 327 266 313 77 289 63 297 163 139 346 445 0 104 33 78 215
144 14 290 336 449 281 355 237 338 0 367 184 201 133 0 385 258 0 165 3
385 95 263 34 211 220 85 465 0 439 438 204 284 95 464 458 449 0 0 259
81 231 378 440 115 368 11 409 60 386 234 20 104 301 410 297 454 35 316 425
218 151 120 383 298 378 254 237 247 104 231 2 454 464 42 312 204 242 162 224
154 245 489 2 318 419 402 237 386 57 397 438 367 0 320 386 237 209 235 0
371 157 235 184 65 386 441 365 30 386 0 105 477 185 379 271 36 40 417 418
105 464 401 349 483 437 412 46 34 239 417 386 36 32 410 257 396 489 32 385
131 437 110 190 386 169 228 410 251 207 431 234 335 386 234 344 5 283 0 492
262 402 415 48 461 9 0 310 460 163 396 196 417 389 460 466 470 0 299 18
174 340 156 70 360 275 214 441 0 130 440 253 464 104 360 36 0 0 159 0
334 231 412 417 139 0 410 333 109 173 42 254 334 149 85 95 411 231 451 444
494 157 47 365 235 410 20 299 115 454 495 288 65 492 104 464 179 260 258 163
14 95 469 289 440 231 36 289 133 423 211 449 388 231 440 60 235 198 254 251
412 449 322 386 281 327 319 358 470 279 225 447 221 319 105 472 476 299 338 213
433 10 295 187 483 330 299 222 193 474 179 150 433 163 254 378 209 458 185 186
329 409 492 483 458 410 265 469 226 17 89 151 204 383 338 0 405 330 46 355
26 419 437 339 117 240 338 96 298 386 250 439 372 235 316 481 0 257 105 34
221 46 174 156 0 299 18 417 42 386 99 190 197 358 421 225 17 440 19 234
461 276 492 386 434 360 385 492 124 275 433 66 141 389 301 159 417 383 253 250
214 79 204 223 116 204 315 0 237 13 239 48 237 50 64 180 226 355 109 156
298 462 386 249 222 203 242 95 384 204 375 454 458 173 267 173 470 367 371 134
172 278 348 247 99 229 204 411 440 425 493 46 299 409 383 311 222 60 95 438
165 32 253 150 311 316 458 2 104 386 399 206 70 150 0 435 360 411 36 242
415 378 349 405 249 237 0 338 31 425 5 0 328 47 483 449 492 237 18 331
435 478 270 150 412 120 419 356 228 410 177 158 119 190 349 386 405 22 116 68
127 394 193 400 124 80 0 0 276 237 133 283 460 175 184 103 237 386 48 422
194 157 19 438 237 160 279 492 104 214 460 383 416 235 483 449 336 180 385 429
30 290 450 46 193 154 357 414 454 385 0 360 454 229 422 104 179 306 270 475
15 287 487 316 124 237 299 226 48 235 322 270 433 435 237 370 104 78 263 124
483 34 94 231 468 442 333 305 13 299 258 56 295 383 454 338 338 116 371 97
378 122 65 266 31 487 184 383 410 50 385 131 296 227 37 389 106 209 368 262
171 126 255 275 0 318 470 464 98 489 253 299 163 454 185 183 48 30 489 149
119 55 452 156 338 18 469 138 43 379 151 297 492 458 289 465 17 187 460 47
490 371 95 37 279 85 189 462 161 470 263 460 214 383 231 146 54 385 410 421
497 479 40 149 163 285 0 213 469 191 360 149 37 120 338 446 380 113 234 234
86 231 32 237 339 429 492 204 5 193 237 124 151 74 396 43 38 253 124 431
263 487 0 49 106 311 440 204 247 231 403 57 440 312 410 371 163 426 54 98
163 111 320 0 367 46 151 214 404 19 104 237 299 322 18 270 454 177 226 351
99 469 484 474 64 316 18 483 115 237 9 266 225 120 210 386 0 121 120 239
257 19 371 438 282 104 163 460 458 161 163 29 437 340 186 379 469 383 95 260
496 117 458 149 419 492 144 139 487 257 157 54 458 461 378 328 218 458 365 121
7 396 377 175 440 419 389 477 386 190 106 169 124 293 0 258 156 445 492 436
77 315 358 253 93 383 149 431 44 46 226 475 47 419 385 0 237 275 321 410
378 96 53 146 440 360 206 85 183 389 300 370 476 9 177 299 0 386 407 36
360 492 59 42 319 6 196 270 454 38 237 316 465 333 396 0 214 250 425 0
319 468 306 190 454 191 449 9 428 475 237 177 237 293 221 318 102 293 269 458
378 185 454 301 180 371 440 175 119 310 318 483 255 60 262 226 383 237 237 109
108 15 148 341 409 336 383 187 428 298 276 95 33 386 274 499 460 106 362 449
216 273 149 231 428 492 5 476 435 86 338 0 334 481 439 290 483 326 223 436
174 471 143 0 320 299 266 237 386 164 177 386 327 360 456 0 453 119 299 360
306 275 151 0 338 440 124 77 464 476 133 299 270 34 9 361 318 104 269 476
184 160 310 33 283 177 400 435 318 9 419 402 157 120 124 498 111 454 259 15
352 437 63 299 454 1 67 97 193 156 449 444 469 336 335 440 242 112 411 454
154 316 52 104 46 464 46 384 83 433 465 318 318 13 174 336 3 383 235 74
415 0 211 105 163 378 299 18 157 358 338 237 449 318 299 121 43 115 181 318
317 316 73 257 384 33 386 83 385 270 270 79 226 46 105 334 150 46 378 120
270 152 22 51 258 339 57 335 289 11 237 54 204 406 96 119 386 36 77 378
357 89 51 148 122 204 371 31 191 487 237 295 461 70 133 34 341 363 213 444
399 439 447 372 317 322 187 139 489 418 175 253 444 412 458 338 52 174 105 0
60 41 293 163 204 449 283 18 458 235 175 34 329 464 386 423 222 411 206 163
138 47 252 96 174 163 219 163 440 42 31 149 454 115 63 409 299 419 16 33
207 324 299 385 5 492 85 85 27 478 156 332 46 44 454 406 475 60 492 0
351 459 48 208 389 299 367 20 105 435 271 119 85 276 163 334 493 181 338 0
417 96 419 19 434 9 86 255 18 317 44 483 340 157 237 311 330 250 388 318
238 389 164 239 0 47 338 0 312 168 247 289 257 415 317 135 340 31 433 3
257 352 469 365 175 93 0 318 305 18 156 487 133 247 441 237 483 219 186 91
396 289 86 247 77 212 0 383 297 385 0 36 180 196 464 410 318 386 358 440
365 454 318 282 234 67 439 383 235 63 46 163 296 185 34 386 206 19 36 385
39 385 487 433 163 335 228 64 170 301 104 336 58 299 310 60 204 483 149 418
189 77 333 47 458 458 402 259 2 117 299 440 105 0 477 431 415 112 383 122
296 337 148 280 456 95 11 237 193 71 0 270 167 163 76 180 163 454 46 144
486 358 352 301 378 479 330 450 157 221 19 385 179 163 460 489 20 0 36 464
105 368 193 317 288 289 127 406 476 299 42 417 47 46 106 139 18 237 185 386
10 331 406 196 483 53 257 406 78 237 251 187 77 158 33 15 293 235 371 440
109 255 18 185 438 22 391 15 151 163 319 0 250 116 460 277 159 401 310 95
255 144 68 151 111 24 85 476 378 435 293 340 464 479 156 301 104 241 438 489
464 239 303 139 20 113 288 332 333 293 150 372 438 133 409 124 71 0 301 31
439 60 386 12 187 0 338 456 301 440 149 66 9 426 409 382 275 299 247 179
179 109 454 169 104 70 409 0 0 110 250 37 157 440 237 440 120 148 389 442
166 104 119 332 335 440 270 53 0 200 95 179 213 317 458 247 270 454 207 266
420 80 341 444 332 406 149 358 475 277 435 445 386 415 245 124 395 295 386 412
441 61 76 0 53 469 494 231 327 257 405 235 454 60 198 386 458 0 151 0
148 126 111 108 283 221 240 174 214 149 410 0 342 368 17 368 68 186 410 0
383 47 36 439 169 68 317 148 409 352 458 383 46 297 281 66 236 193 109 447
228 240 302 63 144 368 149 474 365 330 180 175 237 151 96 383 186 36 383 274
331 445 372 33 158 57 175 0 358 332 237 424 18 334 13 297 185 383 378 422
395 43 199 425 383 449 253 124 433 237 48 458 204 322 328 343 170 175 135 316
154 358 363 79 18 457 117 9 445 209 492 386 235 146 106 185 299 270 159 451
110 20 114 428 276 220 386 440 386 371 190 237 386 317 458 163 214 196 0 204
103 486 106 410 297 296 57 290 163 0 204 297 358 124 221 175 119 0 47 479
437 43 317 199 235 44 367 34 56 170 457 483 283 70 449 451 389 0 368 130
338 339 106 106 290 151 385 464 222 150 141 449 458 185 257 227 240 43 0 22
438 231 258 96 386 411 460 204 237 231 464 111 104 177 426 410 250 458 57 0
259 444 358 386 237 299 382 293 469 323 222 347 435 3 18 316 316 410 62 98
433 419 233 292 489 170 163 329 185 297 358 378 293 124 383 81 228 288 53 457
42 299 206 422 211 322 294 386 46 363 112 457 385 492 426 0 138 36 214 454
308 324 337 253 131 407 424 89 299 297 122 282 296 375 371 48 46 415 11 0
299 9 257 156 106 213 383 247 174 440 44 383 457 235 460 326 215 349 128 86
311 305 338 383 54 417 254 114 386 289 44 421 483 448 386 163 209 492 55 330
17 378 419 431 109 349 237 204 440 461 222 201 115 70 0 19 53 492 316 208
355 379 415 237 223 94 157 458 243 162 104 55 236 386 449 74 332 0 333 237
484 54 82 0 15 336 106 175 124 366 440 301 0 211 412 113 320 109 338 168
259 368 469 409 15 440 386 409 460 479 287 338 385 438 121 327 415 220 0 288
270 40 385 489 217 237 417 223 18 44 122 332 237 0 11 0 440 459 328 358
3 355 9 273 34 115 126 297 63 444 18 460 262 33 259 338 284 237 208 90
293 47 335 299 151 431 177 0 469 10 408 440 417 18 460 237 0 274 365 185
412 124 219 335 0 204 389 0 66 460 495 196 439 495 96 126 412 396 216 92
108 237 459 385 475 234 449 462 454 0 171 290 489 234 163 386 0 46 334 222
471 222 441 418 386 185 44 119 121 113 44 483 9 299 237 33 378 265 360 254
238 383 156 454 435 484 95 431 116 0 254 40 175 470 419 47 305 344 111 115
81 478 495 52 239 272 0 204 459 214 297 46 186 237 36 50 175 430 99 317
365 63 274 166 204 131 157 157 492 204 10 297 85 259 378 43 257 13 401 185
235 318 341 289 374 432 32 464 53 378 386 235 464 317 221 275 458 358 283 440
423 461 253 271 92 368 193 299 369 318 458 405 104 395 112 299 47 43 204 0
207 299 299 196 367 206 223 237 235 410 479 163 237 279 8 163 214 301 239 18
216 356 261 0 386 24 174 406 395 151 178 385 365 247 275 297 336 385 214 367
383 331 283 275 259 85 317 0 0 168 175 161 400 139 37 149 435 237 410 478
80 391 487 150 360 386 115 334 46 293 209 440 386 95 301 247 231 254 163 220
188 295 1 9 154 454 97 222 56 235 385 111 390 478 42 449 71 389 104 83
246 464 34 166 56 322 185 440 0 419 144 38 122 253 237 454 5 111 492 177
270 77 433 151 386 42 122 334 174 406 239 441 196 238 179 440 263 406 386 298
237 46 316 298 355 124 237 221 419 352 237 37 222 163 412 119 204 46 396 426
258 47 378 237 364 234 375 449 412 481 164 163 6 250 478 163 429 464 237 412
184 415 144 297 120 281 86 384 461 403 231 193 338 0 479 119 109 454 459 0
103 204 352 440 489 150 104 289 163 389 301 301 237 440 301 435 270 106 334 239
323 257 352 363 163 441 386 2 126 443 469 419 45 449 250 0 61 478 149 461
37 58 154 483 460 245 187 112 425 85 275 434 368 363 428 260 270 167 204 259
32 174 237 293 154 355 383 174 138 312 149 0 96 419 335 257 208 382 115 454
299 115 146 301 153 452 456 269 77 163 237 237 159 371 120 40 133 483 36 289
28 458 34 226 109 149 222 41 175 18 299 96 422 175 386 237 344 47 206 410
9 386 204 375 265 259 44 237 386 454 483 393 301 124 363 329 483 386 164 338
270 454 0 410 196 204 175 454 386 458 158 139 429 177 410 259 454 0 383 298
449 213 119 154 440 156 439 475 149 449 440 386 301 458 454 440 159 77 0 0
469 386 332 440 149 111 242 119 399 489 409 165 163 237 250 0 383 255 144 19
411 453 204 151 412 270 180 483 349 386 138 211 212 130 216 226 0 163 386 124
383 114 361 210 234 441 400 270 95 115 439 37 235 38 47 331 214 492 213 77
133 157 175 25 222 316 419 349 36 185 109 211 47 412 104 42 210 0 250 483
402 181 10 115 435 93 463 0 476 189 270 479 0 390 111 0 300 492 239 371
272 228 269 352 417 77 242 299 415 0 0 293 460 112 275 223 365 454 410 226
378 34 235 237 443 225 11 237 419 412 440 332 52 397 193 311 259 0 237 318
28 32 386 237 473 458 281 318 356 66 478 214 426 475 475 174 386 237 288 3
445 46 425 412 235 469 338 124 0 97 462 106 224 109 301 235 461 479 138 297
458 383 475 378 105 295 305 159 297 0 185 235 464 86 363 175 446 340 33 386
59 302 156 406 95 104 424 184 106 3 124 189 163 458 352 454 386 196 389 403
29 429 297 352 106 333 433 301 22 223 385 250 483 385 0 33 360 489 309 240
490 462 8 464 299 378 19 204 204 253 226 190 319 319 409 0 383 335 334 271
401 442 247 378 447 122 0 284 74 11 56 46 112 338 245 310 47 189 204 383
220 68 412 370 433 175 454 409 209 54 150 293 129 177 271 338 186 159 25 259
429 454 338 200 335 281 160 433 458 180 396 109 105 151 168 358 210 385 293 57
203 418 165 237 126 469 363 112 0 163 205 478 196 324 149 96 458 214 310 433
114 344 33 352 310 149 187 248 62 242 383 297 190 396 319 105 161 9 258 34
389 101 128 463 404 204 196 31 281 310 223 329 385 171 492 371 334 302 70 221
287 224 140 96 289 36 454 386 419 374 104 487 294 331 454 7 164 464 469 385
207 393 115 464 450 139 439 476 46 428 352 419 385 429 104 440 245 338 449 316
124 237 229 289 95 163 403 39 54 410 175 235 237 449 68 454 17 223 0 43
115 363 49 97 386 409 222 159 383 50 339 429 31 175 360 301 216 144 460 193
251 211 270 227 0 69 119 163 383 481 358 367 460 311 17 412 432 125 252 0
463 444 339 301 74 0 0 234 163 464 386 17 378 180 386 66 283 57 301 332
18 196 200 226 46 133 356 371 163 118 237 301 124 31 478 483 160 383 299 462
239 395 236 434 216 338 115 490 80 257 225 151 211 214 0 410 492 352 271 297
471 195 221 85 63 13 379 438 115 332 237 175 403 9 0 46 109 458 449 19
96 44 222 383 492 237 467 239 305 492 297 454 121 151 157 94 105 469 389 336
439 437 120 177 252 301 237 189 229 158 204 190 340 20 352 336 470 135 383 119
287 396 60 222 417 383 440 193 231 124 411 82 20 235 0 289 301 266 86 283
301 417 453 492 345 378 104 183 182 336 270 258 446 367 149 46 301 440 99 367
378 253 383 77 235 95 171 334 485 421 0 60 349 278 301 410 445 371 319 299
48 175 443 341 110 340 458 204 476 462 440 406 204 247 398 258 187 428 370 338
123 180 191 283 225 259 458 298 383 297 297 386 299 235 373 163 386 185 440 457
256 495 310 174 193 293 259 440 464 410 174 476 213 378 95 239 383 478 158 338
190 335 475 31 109 77 179 177 20 259 473 299 157 204 372 106 204 378 283 446
308 144 471 411 189 301 108 120 281 464 13 464 204 214 92 64 484 150 454 304
325 475 109 175 217 297 33 403 25 163 492 327 154 235 44 54 279 364 203 283
78 54 299 68 144 433 386 425 151 237 219 255 356 289 144 46 361 469 0 475
338 278 283 215 105 234 386 237 78 113 253 204 9 452 68 332 163 371 235 237
409 34 213 345 386 163 222 382 235 383 175 184 162 353 469 378 338 203 440 334
320 208 266 178 214 385 383 133 493 426 112 177 457 50 0 385 440 0 154 319
177 230 128 222 187 46 429 11 130 454 242 385 106 175 63 74 0 385 77 270
77 18 181 0 386 104 0 237 138 226 454 191 445 493 406 0 438 467 148 208
15 48 386 383 206 151 440 104 386 458 338 284 43 86 23 386 237 53 0 31
170 56 434 301 151 217 179 264 489 239 371 96 363 18 237 425 440 355 19 415
338 340 0 284 163 115 130 163 204 0 167 115 311 247 299 30 483 316 410 0
454 454 451 155 231 299 221 454 483 156 342 235 237 454 222 382 116 77 363 148
371 222 112 405 237 319 386 151 190 250 99 104 298 328 437 237 385 0 92 280
389 203 284 383 487 223 440 157 295 185 259 172 23 196 175 54 332 320 454 458
400 33 231 68 385 0 464 70 35 233 386 149 220 235 190 342 125 386 206 111
444 171 437 333 270 386 373 447 442 289 386 186 483 2 269 42 234 45 0 297
356 408 157 195 0 237 440 378 469 68 109 237 139 214 310 206 449 138 406 378
206 126 454 456 2 146 383 386 319 367 385 148 223 293 175 149 301 483 323 223
201 412 344 406 378 250 444 297 371 378 416 255 378 438 471 352 120 211 187 392
25 289 417 449 235 390 230 154 66 385 449 237 0 156 24 99 282 386 386 275
340 24 358 237 318 0 109 99 163 320 304 335 175 175 316 237 363 354 104 405
252 2 46 227 237 104 190 235 133 299 457 259 300 18 454 363 459 438 120 0
172 458 68 0 412 163 47 301 412 438 219 349 56 270 464 403 159 378 415 95
274 167 9 256 454 17 148 454 457 48 53 44 247 15 465 115 425 478 46 411
171 204 385 0 447 204 64 175 441 68 173 163 385 492 437 0 0 159 108 54
365 53 386 454 88 483 347 422 223 299 231 219 317 378 237 223 146 258 0 299
382 128 208 492 412 454 469 288 163 133 104 0 216 487 222 311 0 0 458 390
36 141 378 45 105 412 258 378 53 483 352 234 221 204 61 34 464 455 119 464
469 81 378 20 9 221 454 293 412 204 135 298 297 46 193 235 44 148 316 47
386 156 450 487 68 440 237 386 57 204 347 200 0 454 449 307 479 479 431 395
402 439 76 149 461 440 19 228 234 0 386 308 484 436 204 438 163 301 454 422
419 165 442 255 237 109 301 335 275 193 270 237 318 483 139 334 237 213 263 429
165 124 158 237 242 259 225 70 378 252 426 270 53 322 301 457 492 268 73 375
189 298 47 257 33 218 431 449 226 0 71 360 120 378 174 148 0 365 206 12
191 62 367 284 317 478 318 63 0 189 331 18 139 464 481 159 139 61 68 454
219 48 35 349 58 471 440 0 237 471 386 9 318 175 108 18 440 253 328 424
297 3 452 336 412 179 382 495 382 447 257 229 440 111 133 417 53 259 464 464
304 318 151 150 383 429 53 386 30 148 338 95 68 287 160 237 454 258 290 383
268 168 487 356 0 149 322 237 18 204 53 449 322 440 424 95 11 339 389 298
475 28 0 275 96 180 431 122 130 151 239 200 262 405 189 151 467 0 115 299
179 425 47 223 365 95 60 299 44 371 222 462 378 106 386 449 395 367 440 489
387 352 94 198 222 428 454 120 365 396 190 449 46 0 490 383 313 440 417 386
181 204 95 412 247 222 460 247 469 464 419 441 440 115 475 78 30 239 104 231
93 415 92 159 247 84 385 119 435 148 33 36 338 116 18 409 94 375 163 30
206 341 216 187 454 65 119 237 135 378 410 464 328 66 272 15 396 394 482 219
45 320 382 221 371 86 263 429 204 48 356 214 74 124 406 458 385 386 237 250
491 289 483 277 386 46 218 237 454 478 157 17 429 157 0 464 182 386 367 270
220 28 295 368 54 115 119 383 36 211 195 189 483 163 412 340 0 367 397 386
301 331 121 310 124 211 66 454 379 104 46 31 449 429 237 193 104 169 287 226
387 368 268 237 289 229 474 11 213 253 483 270 386 358 319 0 0 446 209 237
383 192 57 157 20 0 253 332 204 431 0 331 77 296 454 206 295 97 159 237
446 237 410 318 318 289 220 117 214 253 367 149 440 412 333 104 237 253 440 86
470 419 385 163 70 386 284 492 464 237 0 0 464 252 253 389 410 314 237 242
250 390 214 172 157 149 25 338 301 94 106 222 293 390 435 458 257 247 46 127
332 0 461 163 425 319 386 235 235 299 43 158 65 384 70 363 151 196 310 34
243 431 410 149 314 262 139 233 462 258 429 161 0 222 0 458 401 222 254 363
138 48 35 330 242 189 18 144 211 61 439 414 161 0 47 367 119 60 143 226
373 133 407 351 476 119 220 293 209 492 237 133 46 371 446 236 295 363 270 406
220 49 0 376 214 492 26 458 378 36 141 410 212 358 237 129 454 440 247 150
68 150 47 150 133 148 333 34 124 336 495 18 0 222 222 405 115 319 310 483
188 164 222 293 221 237 180 133 459 438 145 385 3 299 378 296 483 373 103 225
489 245 270 409 0 301 270 102 247 317 396 281 386 383 104 360 373 492 44 320
472 125 19 253 417 493 464 0 15 234 458 109 33 236 470 270 150 440 83 163
111 409 8 32 386 0 259 151 237 204 385 489 74 385 151 363 457 208 163 338
126 37 115 310 330 237 150 344 18 412 151 247 425 226 0 439 163 463 454 253
311 477 163 86 222 461 221 378 396 386 385 440 120 276 386 410 0 471 301 437
102 357 133 299 385 327 253 301 185 410 462 222 457 204 297 119 159 161 189 492
14 163 405 46 9 454 383 435 253 386 0 338 401 386 479 431 237 204 19 119
483 57 115 31 239 390 18 358 18 435 447 163 386 94 289 271 483 0 429 163
274 462 417 9 386 358 318 0 338 385 440 439 454 454 316 419 74 389 94 449
419 106 177 316 478 135 254 440 214 386 76 203 250 360 363 483 9 204 237 256
425 463 310 25 449 163 18 0 342 440 301 495 481 254 310 338 164 74 190 464
486 417 439 74 368 485 492 462 156 449 133 235 340 95 454 237 98 68 106 253
271 182 16 385 85 274 254 492 113 94 338 165 386 386 0 410 378 0 124 329
400 492 62 358 360 449 253 180 496 46 259 406 153 116 338 410 179 237 298 222
193 234 380 47 96 60 310 442 270 94 410 265 458 56 440 458 163 440 163 139
146 431 338 213 15 334 299 216 431 98 185 299 4 185 305 469 237 257 459 458
241 417 297 255 101 481 252 8 483 46 417 476 185 196 396 454 47 237 18 13
257 380 104 258 377 308 405 460 237 148 174 318 193 479 405 454 158 383 190 356
89 363 145 338 386 419 139 115 400 464 389 469 456 170 397 251 379 67 123 204
95 52 464 44 47 301 368 237 459 99 206 464 20 133 385 435 126 301 70 458
341 483 58 144 240 0 464 469 385 218 444 19 216 130 0 301 410 470 323 237
149 313 425 130 236 77 99 104 435 193 431 440 140 368 157 386 270 448 462 163
206 149 281 284 483 3 237 237 237 190 83 367 104 492 357 121 409 214 86 444
314 238 119 24 469 187 460 356 0 248 0 111 65 0 237 190 317 358 237 302
285 338 187 464 299 35 9 139 112 0 216 214 92 53 156 45 406 457 299 458
134 94 338 30 235 282 151 175 386 196 489 124 395 123 104 438 239 96 438 406
47 335 412 476 379 214 221 11 386 134 458 371 163 411 454 36 0 406 469 367
386 0 104 31 338 174 46 301 186 100 360 449 173 66 237 19 237 156 385 365
424 148 311 464 378 124 318 301 36 0 378 487 460 0 270 441 0 0 385 464
92 175 251 474 141 0 429 237 57 237 239 193 231 163 316 18 363 373 127 237
276 458 144 94 412 367 385 161 465 111 163 94 187 267 329 476 299 0 409 487
185 342 54 47 318 0 341 119 163 32 54 487 175 467 457 440 410 452 0 401
450 242 8 299 483 274 216 163 0 452 119 18 196 293 40 211 385 396 492 33
253 96 210 316 492 163 435 456 334 328 33 119 187 1 395 237 35 272 163 108
71 163 490 123 490 85 454 299 401 446 65 479 203 167 364 53 487 68 454 145
295 288 483 0 378 36 281 441 0 431 338 138 119 180 46 425 95 78 191 305
389 377 409 365 0 356 379 461 492 251 169 369 237 237 0 492 378 332 18 204
455 160 360 282 464 86 412 250 440 175 124 347 454 454 386 108 204 297 316 279
290 0 231 488 270 158 454 446 156 214 1 46 415 458 149 371 410 19 116 186
201 141 13 258 157 454 458 149 225 461 139 465 489 253 163 19 313 454 316 449
282 318 81 119 37 363 464 378 409 53 0 378 235 346 425 403 162 243 308 386
169 289 293 318 168 126 9 253 18 435 363 270 39 440 400 163 282 402 220 452
27 121 241 469 371 217 163 36 163 222 226 106 299 468 99 116 190 299 386 350
496 308 452 429 250 156 119 424 464 323 297 257 298 378 234 247 0 149 440 334
45 274 196 161 157 77 439 222 288 270 193 403 454 79 267 150 47 349 461 458
95 77 458 167 371 299 237 45 253 53 311 111 204 253 401 89 452 318 443 385
54 97 447 494 335 237 104 458 496 445 149 250 260 483 236 88 237 301 18 458
192 212 20 151 492 383 250 105 15 487 71 483 458 4 460 378 0 149 2 299
56 24 18 149 330 445 148 379 0 386 410 239 219 33 178 237 435 385 363 159
97 408 428 113 262 458 0 60 96 150 19 298 175 186 302 489 237 317 386 157
94 174 350 382 60 65 410 368 163 458 92 223 19 383 398 4 0 354 200 163
208 484 237 177 258 204 150 383 106 301 274 492 237 234 235 383 36 444 452 204
462 475 186 316 31 440 146 251 477 185 378 453 440 241 449 120 20 283 221 349
116 111 54 0 457 301 384 385 212 121 156 438 47 458 148 296 69 419 239 338
150 309 465 349 483 156 179 317 168 211 193 338 179 235 270 185 213 389 270 433
450 35 212 77 258 19 218 163 452 144 383 19 56 318 317 104 469 18 157 270
483 246 296 185 247 459 371 82 63 219 358 0 204 460 365 196 94 269 231 333
21 98 221 259 406 47 0 431 338 352 29 298 447 46 104 417 179 16 237 445
489 285 99 44 454 193 163 412 154 237 253 338 19 237 86 305 253 150 386 433
401 254 433 482 365 295 417 35 428 204 229 487 484 231 270 3 214 390 495 342
149 498 371 63 283 109 237 123 263 262 109 410 213 257 164 105 440 332 77 296
415 386 126 19 403 154 299 151 462 178 374 405 79 283 214 438 42 254 371 0
226 410 367 156 119 214 385 157 358 80 275 253 229 0 458 151 0 53 103 237
367 212 328 383 36 383 297 274 151 435 386 282 19 81 156 237 386 186 440 95
256 405 42 109 450 365 157 436 454 18 458 299 149 270 386 405 299 158 470 47
367 336 360 448 406 458 254 185 122 384 185 15 15 237 186 104 385 42 237 328
35 368 125 289 383 371 109 386 383 38 15 0 492 36 1 163 44 111 333 0
5 163 163 378 301 114 475 236 399 410 460 322 37 459 299 105 175 139 440 157
124 487 70 429 299 0 489 425 296 262 63 338 95 77 193 459 96 296 235 18
264 415 184 301 492 409 292 81 119 287 237 431 119 24 237 495 18 175 438 163
90 46 98 157 319 0 417 458 319 196 112 470 378 400 271 185 378 476 365 149
443 270 216 299 375 106 225 272 437 462 358 163 157 237 103 48 368 238 235 167
44 191 464 46 367 204 214 119 0 465 386 247 179 0 478 175 297 375 454 124
239 379 28 221 460 204 237 70 454 455 242 119 492 250 149 237 289 327 458 179
178 338 284 234 204 173 458 204 396 299 163 133 483 433 53 471 109 161 216 48
196 34 175 483 469 326 386 231 334 287 48 63 474 0 458 386 265 223 151 255
392 296 463 218 167 47 378 460 64 253 70 275 48 213 104 476 444 454 179 383
263 274 177 367 435 235 333 375 289 22 24 104 163 237 386 281 301 109 274 101
126 266 237 440 20 454 0 417 293 237 23 349 77 204 356 190 175 187 458 174
385 177 78 418 158 252 399 208 440 296 235 289 235 172 120 365 196 115 104 301
20 457 190 301 301 431 51 0 163 443 355 163 214 378 383 9 0 67 383 63
77 383 316 48 454 106 368 179 317 237 390 38 15 163 318 386 35 211 494 0
274 204 272 154 369 231 143 46 237 440 236 458 475 163 410 468 338 0 319 403
151 363 332 301 73 106 314 297 363 358 495 220 0 289 57 151 412 104 372 81
207 152 297 317 177 317 386 57 386 130 316 72 204 464 94 487 492 489 425 185
488 104 299 283 35 415 259 163 95 163 340 449 235 186 258 237 47 258 464 0
319 460 179 411 187 235 385 157 18 281 378 223 301 190 458 283 365 493 412 163
353 450 386 194 204 187 139 434 229 479 201 411 65 135 14 0 336 386 259 151
0 336 378 435 333 338 239 213 70 386 19 53 454 270 149 237 419 38 425 494
23 372 492 378 237 151 151 299 426 275 185 213 386 109 440 68 297 337 119 375
96 189 270 275 349 327 454 0 60 106 235 385 46 487 162 109 9 395 186 0
35 1 383 95 281 438 397 457 19 451 237 458 412 386 454 385 190 242 338 111
458 407 300 402 483 0 298 219 385 385 426 150 333 253 209 274 0 412 351 237
194 5 378 237 463 352 43 0 334 257 318 0 284 103 226 440 157 163 327 324
93 198 135 214 440 237 47 440 223 104 338 237 450 355 458 163 405 449 0 171
116 200 460 19 378 115 133 439 289 338 322 336 151 454 239 410 149 338 329 308
318 440 444 119 180 383 163 383 68 440 400 193 406 369 440 212 469 438 112 163
122 367 461 92 89 296 492 386 218 22 23 80 150 120 124 217 413 175 266 458
259 335 109 430 151 14 492 426 454 274 396 257 156 489 371 124 454 65 222 383
82 495 165 96 115 293 465 104 119 95 475 175 383 235 150 279 18 438 407 264
467 489 259 151 425 191 389 169 175 65 150 103 464 162 464 0 437 297 149 0
106 390 51 148 299 365 226 34 45 255 9 297 1 193 98 367 38 299 18 297
90 229 476 133 37 432 449 36 15 190 270 464 363 119 289 0 43 235 338 440
396 489 77 216 95 0 237 50 290 56 138 33 436 86 364 386 310 151 237 455
151 200 481 151 385 160 299 319 119 410 115 289 477 299 355 92 365 367 383 469
106 109 163 271 126 235 18 204 490 419 495 460 464 106 378 421 438 11 233 412
78 253 378 30 417 336 226 231 481 257 386 385 297 189 163 101 338 288 417 42
454 428 221 175 237 151 475 54 37 437 301 222 430 462 193 429 323 200 95 385
299 148 274 193 454 58 0 426 335 109 196 105 382 0 431 46 237 270 236 295
403 442 74 193 237 409 155 435 130 47 35 338 492 175 385 272 65 483 428 299
118 299 410 299 0 196 303 469 42 338 452 293 367 163 379 296 119 174 15 301
214 468 316 163 190 257 34 310 299 237 85 386 203 149 450 290 308 164 371 439
213 396 188 3 206 113 338 277 431 454 70 193 464 385 385 122 235 454 367 462
173 5 159 406 46 156 45 464 454 480 46 0 463 385 299 214 19 396 138 159
184 61 36 440 235 317 440 235 458 435 271 389 46 203 441 120 109 47 235 458
27 445 119 257 449 449 237 187 48 458 311 386 462 368 318 98 301 195 49 492
223 197 440 336 429 464 464 214 270 163 22 163 0 190 178 235 159 175 18 231
118 43 334 322 261 297 234 119 231 0 396 18 460 378 301 253 371 94 5 425
463 286 274 476 386 54 214 386 46 410 50 338 417 383 144 213 406 104 95 151
239 270 22 218 334 173 292 386 409 214 478 409 57 454 440 124 63 327 454 492
88 277 120 177 301 34 237 384 301 0 234 270 458 338 288 270 86 462 319 237
174 257 17 385 42 367 30 51 0 47 173 490 383 383 317 204 385 281 42 40
281 295 374 483 177 440 47 338 367 400 466 167 237 41 366 34 22 201 349 171
360 420 381 198 311 449 368 338 371 412 187 177 449 20 196 435 299 301 250 487
207 491 380 237 234 383 18 212 293 313 365 0 20 18 495 406 206 158 247 8
219 348 99 235 497 73 119 386 458 297 385 431 35 314 277 231 286 464 132 0
36 226 204 299 150 464 228 386 258 237 103 365 378 42 116 174 408 172 389 247
207 437 417 18 237 386 417 258 458 163 419 259 477 319 77 483 0 297 163 460
73 410 244 458 0 105 259 47 214 383 299 483 214 185 323 386 223 130 170 193
394 339 281 412 470 35 126 95 489 119 0 174 282 269 227 293 386 116 378 385
383 114 319 260 218 198 0 211 121 338 290 256 237 203 464 35 386 39 456 235
251 158 375 419 386 406 396 85 187 386 151 237 454 214 419 383 276 459 487 317
415 277 440 469 104 0 18 483 23 383 237 93 257 204 14 397 444 464 299 311
351 103 206 11 163 81 371 175 365 1 177 209 316 0 365 464 83 144 471 225
480 405 226 139 445 417 236 338 483 277 0 492 483 50 259 250 386 258 115 120
322 157 417 175 31 386 335 115 483 301 0 411 431 299 99 247 454 417 9 385
171 44 412 317 19 45 401 365 296 231 386 259 295 454 241 104 417 257 449 135
128 435 368 216 435 356 447 178 80 0 148 425 478 237 126 48 175 0 476 117
230 276 235 250 440 419 172 46 383 164 405 9 483 410 349 181 496 54 235 475
330 64 454 279 465 150 405 234 386 306 439 216 454 363 0 330 257 363 33 464
464 33 131 462 412 34 342 175 394 151 104 412 214 440 383 337 333 107 471 454
37 112 295 108 257 120 363 174 53 0 259 163 175 46 213 318 53 0 64 68
331 425 454 55 63 385 237 179 406 116 493 301 175 257 368 333 363 293 316 363
461 0 92 18 0 360 349 133 279 406 412 0 18 18 168 458 359 400 293 204
278 237 386 46 492 151 174 190 20 13 270 223 238 412 19 471 167 214 187 489
438 161 436 383 124 163 85 360 0 0 370 247 295 163 458 204 106 467 386 25
321 226 104 86 167 97 0 386 378 289 487 336 393 237 231 0 46 301 163 296
397 345 382 401 173 213 151 47 402 331 150 189 490 0 352 328 338 204 61 31
73 457 299 209 289 111 492 15 151 180 247 334 471 386 368 24 175 259 323 124
418 459 425 338 148 104 454 237 0 331 333 338 301 386 412 359 483 454 32 3
25 82 449 481 185 318 85 463 214 390 47 441 19 257 322 336 108 226 361 106
451 138 454 360 144 338 11 424 31 237 289 295 0 96 235 165 440 196 386 114
259 120 46 425 105 297 237 237 409 0 483 411 386 283 410 385 483 386 460 305
48 409 338 275 44 487 301 231 163 53 318 239 0 228 428 409 360 80 276 274
5 46 189 419 209 130 426 464 0 196 133 378 470 415 297 447 9 149 461 174
360 467 363 53 175 222 154 324 338 279 62 0 65 244 338 0 92 19 428 405
59 440 149 282 412 421 317 378 204 151 214 385 383 367 473 390 276 237 454 204
116 186 403 14 185 332 495 440 235 400 0 318 412 458 253 393 33 452 424 120
332 180 4 80 213 427 0 115 158 378 287 222 104 371 383 357 45 295 2 264
149 46 363 185 274 445 440 85 370 159 383 29 492 163 19 328 397 316 0 386
128 106 270 464 435 469 484 371 383 125 242 138 119 333 400 74 287 116 378 31
28 60 186 152 15 111 405 419 449 301 308 214 412 458 104 211 334 160 281 190
60 403 395 299 120 282 195 106 386 60 492 435 82 0 386 237 363 42 20 311
149 94 163 371 386 433 454 139 18 441 186 287 132 115 0 57 461 180 104 55
296 457 63 237 178 200 268 488 241 120 440 389 19 487 144 216 459 454 19 196
234 275 187 440 233 386 237 235 222 211 259 133 389 149 0 452 185 30 386 50
195 235 85 11 95 383 483 458 256 469 489 458 124 331 454 19 435 104 400 105
368 383 68 405 394 78 18 492 235 386 34 0 335 227 119 228 366 34 435 253
143 469 435 400 288 378 235 237 214 457 471 386 193 0 0 0 86 229 204 175
499 191 237 494 255 128 0 0 311 55 229 119 211 383 270 150 104 0 454 81
492 428 458 461 205 270 440 9 320 390 162 461 438 151 163 186 247 0 440 464
144 359 334 415 299 123 204 492 454 394 0 0 106 340 151 82 412 299 318 150
234 185 239 96 454 299 299 377 115 284 95 219 404 18 206 9 34 447 5 82
169 34 410 31 299 77 492 342 331 341 440 163 320 46 328 385 476 0 492 301
348 307 469 381 296 8 327 157 36 82 328 143 318 118 439 214 5 149 492 229
117 290 274 316 120 139 440 15 379 124 119 203 43 274 0 235 237 440 299 179
254 476 341 206 440 383 386 110 275 85 77 257 252 464 8 204 57 448 65 134
318 332 266 272 95 162 284 0 219 97 386 199 299 460 464 469 464 226 18 209
236 389 88 403 371 222 365 332 298 133 184 298 425 104 344 196 177 178 161 0
153 247 425 313 183 130 196 237 426 157 417 458 249 390 459 219 36 454 410 124
338 301 428 487 475 164 0 31 105 249 265 275 0 365 185 109 340 38 485 317
154 438 295 299 434 424 275 8 94 119 124 231 119 323 454 389 0 461 0 65
304 186 400 237 464 80 106 79 213 222 123 429 368 195 383 371 462 386 74 295
235 454 435 455 411 257 133 302 259 396 270 216 77 386 360 424 464 438 341 297
192 279 460 63 406 419 163 417 0 394 440 55 334 380 0 119 30 63 247 459
120 129 479 101 30 419 483 434 179 360 18 149 163 138 269 0 378 0 159 386
469 372 221 441 253 94 341 177 213 240 412 124 236 225 30 221 104 328 458 446
186 375 419 297 241 163 237 386 9 284 175 360 112 495 203 96 0 0 19 66
404 376 470 464 77 393 0 454 240 186 77 459 151 492 237 449 66 301 150 151
437 406 311 47 163 157 439 19 450 47 231 288 5 214 429 185 483 371 430 454
473 231 454 119 68 425 48 206 24 244 371 259 109 0 206 158 250 404 9 456
85 410 130 383 365 187 274 214 0 231 149 318 371 437 7 151 19 140 175 379
333 487 386 334 466 225 248 408 262 297 235 389 237 133 163 458 80 495 104 386
299 493 296 175 383 253 367 440 204 301 439 222 370 407 386 44 9 463 120 410
385 297 491 349 281 464 360 400 409 1 440 440 48 149 367 86 204 269 458 431
80 457 401 221 316 360 237 122 144 378 159 20 237 3 148 425 74 313 130 412
389 159 373 317 0 385 444 253 20 338 237 440 441 251 0 142 316 212 185 298
78 237 378 31 175 105 33 124 4 77 222 429 299 258 363 440 386 464 251 115
358 429 396 468 18 104 386 204 229 311 157 406 347 16 475 119 454 237 171 223
135 29 192 473 316 163 351 405 406 46 157 159 299 30 237 417 440 376 385 154
380 17 213 191 148 458 175 301 469 77 0 177 203 119 179 396 222 422 159 372
412 331 372 378 493 48 418 177 0 200 379 162 235 270 54 205 196 466 193 458
449 388 288 152 458 231 425 19 55 210 222 475 451 464 440 196 235 126 119 318
225 47 33 56 157 226 404 74 377 385 327 418 257 0 492 411 419 299 454 425
78 440 96 274 479 388 341 330 483 106 487 440 489 0 464 20 492 185 367 458
103 136 189 119 454 293 299 204 385 163 492 386 290 406 204 124 86 454 225 204
216 338 257 138 454 43 0 462 457 370 3 237 0 296 119 259 214 86 437 297
213 64 31 329 211 109 411 60 492 412 458 161 327 270 417 397 154 460 156 465
257 358 55 148 317 25 207 172 412 162 46 18 301 234 0 419 459 223 150 385
422 212 462 299 297 489 371 410 204 412 457 411 464 371 469 359 74 299 259 115
460 293 92 371 149 237 237 237 447 173 487 289 42 339 162 483 31 428 492 419
66 78 318 289 159 289 195 179 440 481 386 372 182 352 378 311 210 253 104 104
50 284 361 174 464 237 481 235 235 449 347 462 351 184 353 464 270 36 386 28
8 365 338 289 410 293 106 204 410 53 42 43 95 462 185 458 366 180 135 154
116 18 163 185 175 140 237 270 454 386 167 104 46 0 163 271 163 383 18 360
475 464 235 389 174 193 257 299 495 73 162 172 175 478 449 378 475 404 379 185
239 386 48 231 186 376 270 299 287 492 193 237 105 131 244 111 338 282 458 237
26 338 274 254 96 385 333 0 106 226 250 129 111 483 193 0 318 95 483 214
188 206 425 174 318 350 283 440 196 163 316 435 260 352 336 411 20 237 410 333
390 406 103 336 151 386 259 367 193 383 95 40 454 175 109 318 441 365 360 490
217 151 250 190 237 449 283 305 437 440 141 489 386 332 386 3 179 23 386 419
185 385 272 297 431 447 365 358 0 297 439 214 63 405 438 386 150 46 175 425
337 122 195 386 322 487 385 383 406 316 410 239 266 89 365 383 318 151 431 469
238 34 237 161 163 184 193 409 119 396 223 115 0 465 274 495 456 458 460 440
150 0 66 412 316 311 440 0 159 0 454 0 352 163 177 276 410 301 283 358
381 132 74 297 300 320 163 15 442 234 144 29 181 139 311 104 143 445 203 31
190 378 186 349 204 222 481 386 316 479 94 18 469 366 440 454 410 464 464 204
32 193 425 370 406 3 433 0 0 175 237 492 175 0 15 104 237 301 386 316
53 379 289 336 234 77 338 425 335 216 148 433 123 119 163 232 356 440 18 421
270 332 301 144 411 403 159 104 299 186 274 30 490 150 406 92 222 175 237 338
193 0 108 0 235 203 196 157 177 454 119 60 377 289 318 442 109 214 38 440
236 262 409 386 74 386 229 104 95 237 446 234 454 19 158 270 0 193 163 214
214 85 458 338 0 124 104 378 223 1 55 168 406 47 169 209 18 471 343 106
175 17 121 237 417 57 151 113 120 336 230 34 383 386 299 440 151 274 371 328
279 250 160 445 47 105 380 386 235 326 259 46 258 104 250 243 383 120 221 329
435 0 354 204 487 135 115 174 0 104 77 163 237 104 226 214 151 78 48 187
461 121 349 438 119 149 410 36 95 299 222 296 469 175 317 284 293 469 352 53
272 149 293 338 77 47 18 342 469 410 277 204 352 334 301 297 409 454 104 63
237 96 496 385 461 149 9 139 109 237 406 0 458 221 0 301 60 0 458 185
497 332 163 372 159 204 338 237 417 271 157 270 0 159 177 112 56 338 386 385
276 312 353 418 454 18 63 237 163 417 204 266 175 385 130 458 134 145 274 274
292 411 301 475 231 77 338 254 270 417 237 237 0 459 159 185 412 0 205 338
495 72 161 238 410 250 341 63 279 297 383 74 237 383 458 411 386 301 0 236
470 290 126 106 0 33 237 371 53 199 164 112 3 22 464 270 46 462 35 250
216 297 18 490 115 237 175 383 296 19 461 119 328 0 196 383 172 50 101 0
140 181 398 440 378 409 235 222 85 204 34 96 295 239 158 151 409 44 106 237
469 363 461 386 440 237 50 270 11 0 330 193 464 104 489 495 394 378 42 299
86 24 270 104 115 151 338 163 104 406 117 410 85 299 367 293 204 220 308 440
73 109 0 454 454 237 412 402 46 109 433 276 18 0 389 396 465 385 373 42
450 234 76 458 283 163 360 417 9 458 301 301 200 429 0 460 0 235 301 222
315 229 133 18 327 4 338 13 163 55 412 204 277 235 459 44 363 159 479 149
2 2 60 163 412 301 345 298 345 419 383 299 111 235 237 111 371 18 0 60
128 65 293 65 403 270 358 429 31 460 87 269 237 121 328 318 225 209 31 454
450 0 385 345 316 94 18 50 440 461 487 464 193 454 405 139 386 0 0 293
275 200 270 124 190 120 452 161 19 0 0 204 406 352 293 379 367 30 237 119
236 126 192 125 163 180 116 0 383 121 341 462 0 440 109 389 349 119 41 396
6 215 159 417 410 109 247 385 385 324 0 57 175 46 74 237 274 461 440 157
163 130 157 478 289 106 179 334 455 179 193 375 185 226 0 416 445 394 360 237
452 415 193 60 35 253 163 33 0 213 371 120 454 297 299 124 18 96 269 369
432 53 151 463 363 6 149 186 239 383 468 454 259 222 214 475 301 454 42 66
475 149 479 206 35 104 163 440 300 454 490 323 384 259 458 483 105 193 175 235
98 273 367 61 55 177 317 214 185 338 171 437 0 218 265 429 237 2 34 195
282 80 285 383 437 274 0 383 318 216 363 386 247 104 403 454 440 250 299 256
7 103 80 82 489 299 144 169 281 57 74 124 297 120 406 465 277 299 47 0
306 130 229 461 492 449 309 237 429 237 237 417 335 0 177 454 36 295 82 383
291 99 442 0 95 367 417 222 175 458 0 365 327 492 18 91 106 15 492 163
172 119 454 295 293 464 0 145 235 102 60 157 297 0 60 355 487 42 103 235
406 457 389 274 0 51 473 237 47 0 338 116 405 265 209 454 0 33 163 220
473 195 440 242 259 237 250 383 462 297 18 121 159 477 53 175 336 95 417 1
98 281 234 495 289 476 55 154 333 293 46 254 163 349 270 229 328 36 46 237
461 221 333 496 378 109 214 401 187 270 237 275 111 323 440 2 237 31 247 151
74 227 104 371 0 18 478 299 454 74 174 254 436 364 440 378 109 99 168 355
136 391 458 237 417 149 476 398 0 386 276 478 151 458 78 119 437 157 415 358
387 400 356 219 311 124 302 42 190 185 282 149 270 440 396 18 400 163 458 104
25 133 281 490 32 381 140 489 297 409 18 397 247 384 492 270 317 417 284 425
428 148 460 0 253 406 301 8 367 0 237 301 57 0 415 42 270 372 214 33
485 386 186 175 130 371 454 154 255 492 237 56 62 386 276 258 464 383 282 18
89 247 201 216 475 439 334 302 116 416 23 150 458 237 36 151 323 27 438 316
483 106 221 180 304 259 171 159 445 265 163 334 235 476 65 0 318 182 433 381
458 334 445 389 177 1 46 210 40 144 270 370 206 288 455 338 454 301 417 290
235 176 94 106 116 439 14 492 109 237 216 0 464 112 367 386 251 495 163 115
253 173 190 396 401 319 119 214 235 157 18 149 369 76 237 299 289 383 270 458
52 86 288 115 386 386 151 270 460 237 41 250 204 46 405 85 355 253 447 161
36 273 334 68 15 253 371 417 235 33 60 400 120 315 0 35 3 47 476 231
385 389 116 88 7 85 20 48 283 318 458 415 56 412 67 237 223 454 149 442
460 284 235 418 454 171 175 489 464 34 409 207 473 386 464 316 499 63 440 440
380 310 410 290 458 297 497 386 237 410 390 124 35 65 323 0 299 371 179 492
384 342 495 365 371 60 167 231 54 93 425 481 180 0 163 299 78 235 378 257
226 438 185 86 419 89 186 259 46 110 492 133 56 299 119 31 109 440 172 380
440 341 488 257 269 237 104 297 237 247 258 397 406 316 119 193 55 105 53 372
22 11 398 104 216 405 237 406 18 66 410 396 417 282 425 151 138 189 175 242
276 400 397 312 190 237 349 93 471 170 240 212 382 124 299 193 378 431 0 19
194 90 143 9 454 454 451 297 150 492 250 415 76 490 18 112 487 0 60 217
425 68 190 358 237 438 0 179 299 237 46 222 454 257 338 0 410 46 454 435
5 120 419 454 237 462 433 279 205 435 5 20 452 338 269 494 270 489 151 347
63 440 115 445 231 495 368 235 460 368 124 195 234 374 0 293 378 174 139 367
246 92 168 318 284 464 460 299 386 157 139 409 358 74 301 386 386 34 301 104
213 175 469 35 239 258 103 31 103 11 402 0 180 371 33 419 440 163 259 464
486 487 204 199 104 106 203 469 360 336 0 204 283 319 259 187 426 333 318 187
78 423 365 454 387 262 180 356 270 175 63 259 231 120 338 163 53 371 53 163
430 135 456 363 447 237 395 151 289 252 406 37 433 380 124 406 35 464 370 459
1 444 426 120 310 383 454 222 0 204 440 316 478 431 406 391 299 454 119 454
305 42 410 253 376 219 191 163 216 301 295 163 47 360 31 391 440 383 286 181
17 423 308 34 352 46 237 133 185 82 189 0 175 478 154 18 120 0 0 46
148 273 216 199 483 378 85 119 439 475 222 187 63 458 22 204 55 335 358 149
296 145 70 371 455 22 151 18 103 396 338 386 450 195 211 149 0 0 386 18
450 338 200 193 433 371 47 180 55 231 231 48 204 94 6 124 148 222 440 385
409 467 86 386 254 103 13 416 0 16 255 49 440 389 299 204 121 46 73 360
234 489 433 37 426 435 48 409 385 93 237 255 228 386 332 204 439 254 204 163
464 323 203 310 349 222 352 355 250 389 189 363 455 349 111 151 63 266 483 163
485 265 259 464 237 419 426 301 47 111 103 237 18 46 247 299 442 0 443 386
311 478 76 110 34 234 301 384 36 0 222 383 283 26 424 377 114 429 135 77
465 411 42 63 368 120 174 488 70 311 18 403 476 412 481 139 119 254 227 274
9 0 454 464 138 299 293 204 439 127 119 405 94 190 163 54 301 440 31 492
68 435 394 207 237 329 78 0 235 465 47 124 120 19 237 410 458 333 338 332
126 400 150 240 0 406 247 156 276 417 284 253 405 406 18 116 0 316 18 406
389 18 476 374 412 237 146 371 297 143 125 237 246 46 0 128 190 47 270 390
301 269 433 403 483 163 282 386 489 445 446 299 247 28 68 456 469 81 475 492
358 44 464 385 414 56 193 204 23 158 175 440 412 297 253 490 242 179 9 200
98 121 314 454 105 0 336 367 352 0 438 357 297 15 120 260 265 386 301 299
85 105 242 235 476 204 162 338 378 386 46 386 206 403 386 163 54 465 458 204
109 464 147 175 290 487 94 0 462 270 317 160 432 265 389 169 149 429 104 0
77 1 216 435 231 483 483 396 444 149 334 299 411 18 270 57 10 46 77 195
47 237 216 281 0 193 440 30 277 415 33 495 441 226 242 235 120 483 374 457
113 363 155 34 438 258 450 458 385 458 208 60 96 237 333 386 360 367 465 228
328 282 150 465 46 77 260 193 0 175 412 3 419 386 163 64 77 36 14 318
237 258 358 275 335 368 46 0 386 338 95 163 281 222 481 464 149 177 24 352
283 457 226 385 149 196 235 33 163 317 385 237 478 50 153 383 103 378 454 33
68 431 388 237 231 401 95 301 149 149 396 475 383 46 435 102 452 450 393 237
383 341 386 33 274 0 115 161 135 242 137 95 109 383 378 409 179 0 432 77
157 288 141 449 82 410 383 109 234 225 157 32 148 479 180 19 245 3 163 0
412 293 225 378 189 272 332 371 112 454 185 385 274 252 0 462 85 282 77 186
162 224 352 0 66 135 234 438 219 287 56 454 415 382 98 460 0 386 151 429
121 42 454 237 68 297 290 406 237 34 7 338 281 488 115 253 9 157 218 371
191 23 185 476 163 149 322 214 184 121 454 464 151 0 68 139 18 383 389 490
55 459 219 410 44 204 151 371 66 338 449 383 448 220 454 358 85 251 163 440
464 136 479 0 389 63 271 110 159 419 412 463 401 257 458 469 236 403 204 492
246 319 45 378 334 323 319 255 159 383 187 149 149 155 458 77 440 378 475 378
350 489 212 423 297 259 489 0 237 416 318 318 449 371 119 246 235 149 470 96
495 463 339 371 45 0 281 18 394 163 106 180 167 0 488 186 119 378 0 332
432 200 487 481 486 105 316 279 385 412 454 454 62 409 105 409 299 161 30 284
338 282 383 320 484 467 383 30 419 445 237 175 0 0 9 172 363 481 123 334
257 223 365 438 301 175 341 358 63 163 69 302 257 342 228 358 338 464 235 378
446 63 6 385 139 319 462 492 322 284 386 322 119 163 175 429 185 157 237 425
57 0 259 120 299 18 334 235 259 153 214 360 438 211 414 297 345 240 482 363
385 129 316 31 440 86 151 89 57 150 234 301 157 483 116 148 365 120 214 0
265 385 336 177 225 120 332 355 133 387 437 290 13 151 0 286 68 290 253 436
41 218 284 386 251 157 0 120 266 270 386 469 479 367 151 156 310 193 164 208
436 141 163 406 405 53 154 209 163 237 368 492 371 338 439 89 74 299 385 113
304 307 433 349 409 338 386 211 146 386 425 235 410 383 378 237 222 383 462 323
464 289 167 190 37 236 77 360 270 437 161 440 463 290 222 386 492 225 334 203
229 299 41 386 360 323 410 449 440 221 308 193 411 410 231 48 416 301 454 422
445 115 177 0 88 138 117 237 136 445 2 174 20 396 492 33 0 148 220 334
253 272 139 320 298 468 95 330 44 157 385 175 47 190 462 250 0 46 476 168
46 409 204 489 174 404 333 151 250 437 47 201 323 428 115 405 419 406 415 458
106 25 163 160 166 95 116 299 301 454 104 259 0 253 393 0 70 262 151 151
150 338 483 292 385 220 259 464 284 235 270 46 38 334 185 33 417 240 0 226
386 119 245 253 284 204 258 9 259 206 50 250 444 203 410 148 278 425 454 247
98 115 151 254 454 416 386 473 206 85 32 483 247 151 175 149 386 258 377 189
294 415 383 419 386 180 469 339 440 295 30 237 231 9 48 43 458 77 190 385
19 57 464 186 36 214 339 34 441 104 483 400 158 47 57 489 299 150 250 212
141 119 239 429 386 163 240 459 218 104 24 44 104 327 259 410 20 440 119 43
181 167 383 417 210 289 478 318 159 464 409 94 29 25 367 265 274 327 134 380
435 270 308 281 305 383 338 203 216 385 355 18 292 35 3 162 234 250 120 371
29 451 438 194 406 18 283 253 358 299 338 74 440 352 390 289 371 46 77 425
465 235 237 116 187 435 403 234 196 248 115 133 276 235 33 163 371 417 128 62
464 36 172 47 251 42 378 175 291 0 394 250 0 105 371 449 214 359 445 297
448 163 18 299 235 336 237 106 186 237 151 76 204 432 378 159 402 18 82 386
148 220 119 3 95 270 18 112 234 0 38 449 492 336 237 262 115 18 454 194
163 417 475 492 124 455 284 133 338 396 469 385 333 216 386 105 419 476 458 95
489 279 385 410 449 299 365 237 395 338 222 222 186 258 304 68 90 124 74 270
206 297 235 393 344 108 478 193 419 467 46 104 0 282 151 104 53 177 453 454
128 419 435 109 18 333 119 259 270 151 95 386 34 30 469 283 237 395 185 318
388 217 235 30 9 338 334 385 312 121 46 149 445 282 250 426 412 163 104 119
282 386 318 338 211 235 221 133 492 386 360 15 399 446 17 257 454 338 492 492
328 227 483 440 376 33 301 229 363 95 8 384 16 458 301 361 105 204 34 440
319 355 214 63 431 0 344 193 297 181 258 157 336 0 410 489 203 276 363 464
343 402 378 289 9 56 386 95 200 275 149 259 185 78 95 237 253 235 385 458
196 116 117 10 492 299 386 106 0 386 66 425 0 386 418 454 367 288 141 454
386 481 467 300 279 237 383 174 42 94 263 112 333 211 367 459 461 187 99 371
39 320 293 105 245 22 327 237 282 37 81 419 104 173 95 36 363 411 163 462
290 214 440 386 177 452 227 363 55 0 463 0 386 440 225 91 294 0 34 34
185 133 76 247 18 213 102 0 138 316 83 237 9 412 60 237 150 437 396 156
135 361 133 175 229 439 104 320 425 289 149 226 199 204 452 190 339 252 401 437
270 44 394 463 487 389 150 299 291 461 312 283 385 316 386 0 297 111 95 310
375 356 435 79 311 378 316 94 46 0 92 301 400 160 400 458 374 383 299 85
85 417 185 297 469 435 458 464 175 458 175 237 225 386 162 440 311 231 157 104
388 297 176 95 259 396 324 290 105 9 95 186 378 363 33 372 428 150 60 225
452 226 185 163 198 299 406 290 335 257 104 109 259 458 46 487 380 383 32 389
25 435 465 168 96 214 250 247 462 458 492 104 444 440 483 34 438 396 483 328
179 299 17 318 189 150 115 270 428 47 454 163 53 231 297 266 65 367 338 488
428 149 83 386 239 332 444 283 185 237 43 299 259 193 235 458 17 417 169 438
464 300 204 445 53 283 247 452 15 2 0 250 109 0 0 106 235 460 406 15
105 226 184 460 468 278 389 440 0 0 150 358 119 374 492 119 363 120 299 93
225 193 185 235 204 454 367 383 117 461 196 157 104 440 463 310 138 149 279 237
218 91 318 386 176 107 104 99 237 214 0 175 93 257 259 419 179 258 367 358
85 438 421 305 270 149 412 234 36 70 237 47 322 50 275 474 190 297 360 441
347 46 103 433 200 332 231 222 139 0 190 438 214 338 109 439 144 47 151 425
111 494 103 74 247 431 299 124 69 0 37 358 63 193 214 386 386 296 0 0
294 15 449 380 18 222 430 476 253 316 222 237 34 237 426 9 196 122 60 299
410 467 33 440 214 0 31 331 235 109 185 419 238 336 34 394 177 214 487 150
260 336 454 419 163 237 257 386 367 339 185 289 0 386 489 133 122 40 440 409
332 429 289 0 493 410 175 445 271 235 379 70 181 53 237 362 237 368 475 231
263 425 23 82 366 65 483 178 410 0 163 419 22 468 156 386 481 386 163 0
490 21 266 331 0 203 483 72 159 175 446 493 185 389 381 293 299 464 469 446
241 219 365 9 101 487 417 43 94 366 62 462 354 450 349 126 1 307 216 124
373 266 487 249 49 297 297 382 223 458 19 458 37 149 449 425 45 151 492 0
260 3 425 139 109 363 95 327 311 237 54 449 231 259 0 47 397 299 462 464
344 183 409 256 299 454 386 216 454 410 24 150 55 492 55 46 363 403 432 464
299 33 254 119 163 251 410 221 412 454 259 477 34 106 186 406 343 301 34 456
33 0 396 353 319 316 383 311 150 492 383 46 476 264 318 190 234 219 378 385
363 214 222 231 419 0 237 435 262 409 384 323 468 282 205 190 275 257 178 302
419 170 135 34 53 454 33 184 178 69 23 492 105 461 219 237 189 104 163 187
493 359 390 185 114 169 386 438 462 454 73 383 124 275 218 341 299 119 0 318
223 186 44 57 130 104 149 57 406 417 385 462 154 66 239 299 53 259 479 54
39 167 386 98 177 0 431 54 148 235 381 171 29 379 460 33 289 489 214 141
456 166 317 168 335 270 481 468 152 310 37 363 481 46 358 297 83 173 371 23
147 281 449 184 483 221 458 31 7 383 104 385 282 296 0 109 495 234 189 132
106 290 334 358 103 415 247 439 120 458 403 237 204 9 237 382 175 0 119 177
133 104 0 410 494 124 481 277 94 124 317 379 175 67 96 454 112 463 475 240
19 64 189 403 371 360 266 37 193 135 384 487 46 0 318 439 237 214 383 237
20 144 452 144 449 318 187 0 0 74 425 190 288 435 317 46 124 367 193 438
253 35 18 454 237 270 0 340 0 55 429 235 193 409 383 492 446 296 454 385
25 386 333 209 237 111 286 235 483 311 410 112 119 367 385 243 389 44 115 411
86 17 467 481 459 237 440 319 416 146 110 116 461 483 53 231 484 165 284 449
360 42 317 120 288 492 237 425 0 219 250 35 319 438 244 235 95 386 107 283
149 270 386 454 163 235 133 454 37 250 81 151 231 461 378 321 282 0 452 175
351 297 424 119 358 9 15 235 285 108 287 272 57 468 270 115 208 106 368 18
218 150 425 439 237 46 217 237 48 110 130 425 412 383 163 475 206 386 133 149
0 416 290 403 223 54 400 296 358 0 185 368 196 439 237 235 200 11 264 338
54 382 376 383 50 163 164 318 321 352 338 38 185 73 467 124 149 299 151 231
0 123 140 17 412 0 0 301 449 163 56 102 228 33 20 193 190 410 318 150
217 367 316 185 492 158 0 295 487 187 226 159 190 57 111 237 383 253 371 301
410 187 215 368 115 290 469 429 469 149 237 481 0 411 235 70 386 35 297 426
351 111 130 334 301 309 410 284 0 299 124 177 489 352 116 464 177 169 383 489
93 318 9 284 304 185 439 206 164 239 198 223 229 387 36 396 163 95 464 34
481 185 266 97 27 460 25 295 209 151 400 417 386 435 124 393 440 237 257 77
494 318 120 421 238 109 0 380 185 55 300 86 477 71 7 476 149 440 371 47
323 405 250 405 389 124 460 274 109 235 0 301 148 365 237 462 53 141 148 474
464 311 400 42 214 386 141 104 440 50 290 163 204 18 64 275 443 93 276 332
226 231 296 338 204 481 371 299 454 363 459 109 386 0 231 29 379 257 425 301
380 141 99 454 174 440 0 371 367 237 454 168 235 51 47 435 237 296 95 459
417 367 374 235 77 85 378 464 0 231 95 167 454 163 386 185 177 229 168 270
299 443 101 18 458 0 237 148 456 415 175 0 378 479 299 421 440 0 417 60
220 379 125 295 225 18 163 335 46 373 238 237 409 79 287 138 479 392 95 19
379 63 257 440 433 218 150 48 445 15 237 34 163 456 464 305 65 95 177 419
239 426 46 262 0 438 18 449 270 276 201 163 492 370 193 118 235 492 0 463
164 204 340 46 237 449 157 444 435 125 63 283 410 378 412 257 367 317 109 36
207 163 454 19 146 234 440 462 431 114 0 263 336 42 54 237 252 195 323 65
128 457 135 104 431 65 120 242 386 133 454 436 3 395 460 44 172 269 475 115
54 378 386 476 317 38 482 389 336 85 253 223 204 270 214 214 154 150 35 378
116 223 237 488 458 120 222 196 412 46 57 358 119 386 9 424 270 231 37 367
196 329 186 109 151 458 352 433 204 237 130 219 386 385 204 431 237 458 231 55
91 18 334 0 54 237 358 0 269 311 283 440 289 418 34 133 245 218 338 410
473 47 35 383 133 68 487 124 144 282 425 270 9 109 487 441 214 483 73 483
39 70 386 368 415 440 417 47 440 116 349 139 190 235 115 229 190 229 77 104
103 455 119 438 344 425 310 461 383 119 144 454 204 163 371 483 383 365 449 270
466 57 163 332 274 163 270 193 440 475 191 159 460 412 479 0 104 412 163 70
5 217 119 9 492 98 89 211 296 340 283 301 0 235 383 184 189 104 32 464
337 163 378 109 360 237 0 344 46 370 15 109 9 77 425 104 386 328 234 339
108 18 41 338 133 297 36 297 316 173 135 227 373 395 440 237 477 250 35 386
46 342 286 406 495 235 302 0 406 334 104 310 129 440 149 85 125 371 150 492
174 478 492 238 469 299 469 43 259 53 417 333 429 95 371 177 0 175 401 0
10 67 18 13 333 120 376 185 228 68 235 121 163 268 237 440 297 33 432 410
235 383 102 435 258 33 150 331 63 386 275 78 46 250 454 206 237 318 286 387
412 236 214 62 440 386 63 328 53 0 446 185 338 86 359 68 48 237 283 235
352 185 386 289 365 409 167 365 34 29 419 104 0 386 7 212 359 104 0 401
497 9 275 124 492 399 466 389 259 48 186 397 301 454 151 237 405 44 0 458
409 386 383 144 104 465 495 345 82 197 163 476 46 283 231 216 25 491 9 237
495 159 487 57 0 335 6 371 288 417 46 385 173 19 365 109 0 279 276 174
263 411 119 36 386 207 86 42 297 42 101 151 299 151 237 25 196 235 435 317
111 235 147 494 148 0 410 296 318 175 385 211 96 433 0 338 218 476 119 163
51 157 279 275 119 82 383 417 122 0 95 239 250 216 305 48 104 124 454 318
31 435 449 138 460 37 299 163 104 417 346 177 65 445 237 237 289 18 289 487
