305 489 53 454 281 476 336 424 317 93 297 77 373 383 481 104 250 253 203 120
124 257 237 179 33 112 77 385 489 412 301 386 461 383 219 492 341 80 151 483
286 80 237 3 301 288 222 383 312 178 185 281 213 95 358 119 464 458 130 295
411 163 270 296 95 18 454 74 410 432 440 270 438 401 479 174 401 479 435 174
32 113 410 81 149 120 193 83 23 336 34 299 415 386 358 119 178 383 295 435
141 178 214 358 454 411 255 13 237 330 148 334 56 317 412 180 247 328 386 409
63 386 286 461 360 234 115 365 437 454 386 161 458 355 3 105 163 50 389 405
469 435 19 405 415 216 443 254 119 418 163 299 152 372 367 341 144 46 462 311
119 363 77 14 181 429 356 180 383 119 448 492 185 213 57 469 214 125 363 338
440 431 410 221 383 317 458 378 458 478 387 284 340 175 105 463 495 313 385 2
237 450 371 395 433 157 425 190 64 151 163 385 151 275 373 476 457 173 125 3
175 237 29 444 96 318 396 149 19 18 297 55 297 300 438 149 492 316 29 458
440 386 311 28 293 211 386 464 33 454 328 274 71 417 492 412 212 483 483 483
199 466 441 150 18 318 125 409 36 458 378 385 253 262 163 386 336 40 383 163
237 44 403 11 31 266 47 124 257 410 383 410 237 493 120 235 18 464 386 95
293 474 428 120 411 394 26 211 282 394 458 367 119 464 95 458 239 261 451 334
237 444 431 187 257 440 163 333 203 237 211 112 383 385 318 440 43 478 18 462
18 458 378 458 363 400 454 73 328 276 461 9 196 458 378 180 454 96 189 297
18 269 124 237 290 163 149 475 45 204 226 349 460 328 316 39 15 196 456 266
237 289 159 50 411 231 440 451 476 43 492 277 410 415 289 412 120 190 284 150
476 429 237 463 191 237 38 410 464 174 305 133 297 336 237 140 36 79 454 440
325 157 143 299 483 301 223 204 406 251 175 417 465 394 367 173 378 150 178 47
237 365 478 214 425 237 175 36 492 243 335 406 338 237 44 338 79 53 258 385
237 406 352 48 216 318 31 253 363 415 385 489 383 322 108 98 386 464 353 104
231 476 298 385 371 365 383 487 184 179 1 454 301 267 442 279 378 163 272 222
440 9 213 120 419 338 177 63 3 104 237 19 383 209 458 495 104 492 429 383
419 338 274 106 380 439 299 89 299 394 410 458 457 53 454 297 461 231 171 393
237 429 289 478 214 345 204 338 120 18 124 400 193 458 459 160 460 458 259 492
439 53 77 60 60 429 213 53 335 204 410 106 395 149 431 429 338 417 339 412
419 378 299 332 385 228 299 458 457 360 13 46 365 318 386 114 320 229 62 99
253 254 95 334 116 234 318 36 259 440 163 255 274 177 257 43 469 446 400 297
237 95 5 464 492 128 115 489 386 419 270 139 163 492 105 163 454 371 104 53
96 204 214 314 363 175 320 438 104 204 193 284 119 189 383 378 428 458 259 366
18 301 299 237 487 209 297 483 479 104 384 156 42 471 396 255 379 469 13 20
237 48 289 190 389 332 273 18 211 48 18 318 77 18 225 156 293 63 313 257
311 187 492 73 479 322 464 179 284 412 80 7 386 424 386 449 89 299 445 216
237 462 439 152 478 275 335 235 365 150 299 250 190 323 190 2 105 367 433 384
237 321 403 144 335 235 365 383 314 105 378 385 464 105 104 149 35 163 256 159
440 175 105 386 46 333 349 384 352 363 454 20 338 338 64 44 74 437 367 109
237 121 401 409 290 112 183 36 86 133 237 163 371 464 438 53 94 239 189 454
439 483 76 163 106 222 299 386 404 250 401 478 13 114 360 175 47 322 332 487
270 447 163 104 225 46 237 331 417 76 111 109 38 159 109 467 455 204 174 289
383 98 460 175 174 257 403 406 318 54 115 412 149 367 68 168 235 286 470 237
440 489 149 412 217 228 193 494 385 289 180 335 204 454 323 301 385 119 115 104
18 296 85 378 65 378 163 61 237 301 258 437 405 151 104 106 270 371 289 274
18 150 237 454 425 406 150 25 440 130 203 46 299 271 237 214 464 259 149 340
237 289 49 144 360 36 431 410 458 319 299 386 92 235 5 277 383 412 498 150
403 119 144 416 106 106 368 149 151 8 412 299 476 179 288 233 214 231 82 106
18 1 270 237 454 371 490 259 237 299 237 297 28 118 231 492 349 104 85 378
237 301 77 158 485 168 115 124 429 269 277 367 440 41 95 115 234 9 358 158
440 332 253 348 46 50 209 113 226 226 296 410 99 318 235 247 104 492 234 317
440 386 161 159 206 487 383 367 454 289 279 167 319 415 50 179 445 251 477 400
299 222 163 156 467 386 235 490 259 378 209 226 43 345 184 464 445 496 104 308
219 53 440 104 318 144 386 409 492 70 43 437 408 277 465 78 121 175 242 208
270 116 386 461 179 56 400 297 349 372 11 94 493 237 438 360 151 458 288 233
237 389 409 46 144 356 383 195 297 454 11 252 383 487 86 175 157 152 412 465
119 386 295 464 406 454 405 494 34 44 438 175 228 151 19 235 331 18 163 469
74 150 128 185 441 276 47 92 176 184 296 163 219 163 53 204 349 458 204 193
289 157 204 133 219 492 105 440 297 461 50 131 301 204 410 371 389 14 335 258
81 454 35 383 251 410 449 489 476 74 341 160 281 301 35 55 311 62 187 372
462 296 9 469 104 389 61 151 383 68 77 330 289 55 109 222 115 46 419 474
419 257 126 237 445 289 36 115 221 218 108 18 412 163 429 237 33 462 157 143
119 321 402 402 77 148 429 35 18 363 65 320 1 167 283 385 151 396 15 46
363 213 124 213 74 333 269 259 367 67 383 187 385 318 386 410 110 199 447 396
237 436 193 124 111 269 151 15 109 352 253 331 253 149 193 447 73 479 198 60
417 158 116 234 389 190 338 418 383 213 492 157 421 42 149 196 238 389 285 311
429 234 150 237 17 290 400 454 297 48 46 20 451 163 175 459 235 46 266 46
124 237 445 440 204 389 122 190 454 494 231 193 400 255 365 352 245 411 283 270
237 74 132 383 410 360 367 454 297 301 169 119 381 334 406 182 9 317 220 363
89 311 1 425 385 386 401 479 435 334 458 31 412 457 104 316 372 68 355 299
440 311 43 378 237 399 105 63 185 436 72 352 174 386 103 475 24 389 244 284
231 476 452 14 3 163 53 458 483 17 163 492 395 492 411 119 106 175 400 425
237 352 272 47 332 400 454 9 33 389 175 277 231 492 185 440 299 317 381 157
452 255 62 115 317 46 375 119 207 458 435 19 46 73 214 395 320 18 115 151
222 119 334 239 425 324 317 13 360 421 237 444 236 38 338 338 79 429 265 42
237 74 163 396 222 451 433 186 118 163 363 308 338 274 447 406 204 344 412 386
469 103 317 13 419 163 18 185 449 339 250 319 60 24 218 257 44 459 297 454
439 247 386 190 104 177 495 247 458 133 122 235 175 18 87 383 373 483 383 383
149 338 406 34 410 112 495 34 299 177 476 157 204 473 57 116 349 196 204 406
257 94 471 419 257 237 356 235 432 19 214 158 461 438 54 378 259 219 454 167
237 278 237 253 299 226 360 453 483 459 156 77 175 128 185 34 299 458 204 204
237 419 9 237 489 454 46 311 13 317 220 301 49 204 174 254 204 177 301 11
270 254 386 229 73 403 257 403 247 358 94 237 29 122 235 18 381 189 104 177
440 159 284 383 481 419 177 449 121 254 331 173 454 247 299 371 95 259 225 237
383 163 316 161 417 329 492 276 138 471 281 182 150 150 18 94 78 234 237 410
124 274 225 320 242 261 250 228 299 42 36 164 53 469 238 163 97 253 338 138
257 237 214 358 1 279 119 178 180 157 270 432 247 396 13 43 255 47 316 166
440 386 48 18 289 410 187 53 461 462 412 483 310 213 105 109 371 333 386 461
440 167 318 459 163 352 204 57 214 429 186 193 174 257 316 249 338 289 116 378
18 221 495 47 384 250 50 54 253 288 175 240 148 28 385 259 47 483 46 483
100 162 104 318 194 400 80 255 424 9 471 295 155 259 243 331 487 442 293 371
419 163 483 149 352 316 164 378 322 433 175 206 214 225 216 66 465 483 159 338
282 460 62 356 378 179 20 31 356 109 492 235 18 445 93 468 225 282 342 163
440 179 438 119 110 272 379 213 471 301 439 480 290 334 297 398 492 88 437 104
237 385 267 381 422 239 386 495 59 410 191 360 453 338 216 179 18 365 253 57
237 33 143 221 301 179 18 389 454 297 297 297 301 43 48 454 289 231 284 271
418 383 460 284 150 18 185 159 109 257 336 144 110 87 47 281 464 150 253 48
237 74 363 386 218 283 180 338 463 385 96 400 206 171 394 171 458 204 204 133
94 35 283 149 450 53 487 248 17 68 283 479 435 28 88 130 54 151 159 316
237 193 341 318 296 463 172 172 250 351 9 479 50 301 31 62 231 298 77 48
237 235 283 231 185 109 119 178 383 336 368 378 458 461 462 417 141 222 412 456
440 200 489 469 464 44 435 207 175 154 31 340 402 235 458 484 104 254 281 476
440 237 68 367 204 116 266 14 124 34 258 237 385 289 385 115 115 195 412 124
237 385 151 328 15 264 157 332 180 365 253 250 411 330 66 436 193 486 108 124
1 86 231 116 293 247 50 119 299 209 458 345 163 36 449 121 200 131 149 149
126 237 290 372 449 235 18 276 299 365 239 86 296 440 163 104 42 149 404 395
237 283 9 265 367 317 289 193 30 412 237 214 141 151 19 132 270 461 106 104
419 406 115 115 234 270 95 16 371 3 398 104 149 184 214 363 460 47 86 336
237 289 318 157 489 476 94 419 133 54 259 460 410 368 492 222 85 460 431 77
237 308 411 77 454 46 19 477 400 156 2 465 330 440 150 124 371 333 386 302
237 385 151 396 322 322 70 149 2 298 483 449 433 151 322 483 187 181 340 98
104 483 253 358 237 299 65 245 214 450 120 53 57 345 163 417 396 53 204 424
237 301 77 371 131 204 181 349 335 338 469 70 18 16 372 422 226 226 371 492
237 175 468 404 102 449 68 355 492 235 310 257 270 368 449 247 119 46 271 96
453 449 409 237 385 96 318 36 433 299 389 334 43 469 371 214 358 332 124 338
440 159 36 67 449 226 240 270 338 481 216 435 400 30 163 237 258 33 46 285
386 336 218 464 56 369 18 284 338 60 206 266 253 257 266 182 263 318 169 386
63 419 11 483 159 217 406 115 66 66 440 454 239 9 85 426 301 237 349 460
299 458 163 449 163 253 226 253 277 367 440 386 310 167 321 383 163 175 444 371
346 316 19 395 250 57 237 299 151 104 242 159 157 70 247 221 386 235 338 237
124 257 237 33 449 238 99 462 301 208 417 235 11 381 222 163 386 396 104 149
237 464 301 204 454 450 157 489 481 115 323 274 177 35 163 53 349 149 376 56
237 279 47 111 461 9 220 203 426 456 116 229 28 3 146 489 383 36 433 489
119 299 335 299 396 299 449 352 109 70 386 367 109 289 383 464 360 175 341 57
419 175 441 270 270 371 458 163 412 425 163 276 454 269 483 149 105 458 259 308
237 205 20 2 171 11 469 32 144 237 463 77 456 96 85 371 163 163 106 466
168 469 405 440 425 5 225 237 438 419 409 396 340 336 149 163 68 163 492 229
450 18 440 85 10 0 153 282 20 154 237 454 386 444 237 214 237 124 278 237
237 462 106 464 175 46 231 34 214 131 175 131 98 410 460 358 283 186 124 237
412 469 96 483 483 242 121 177 454 494 464 275 318 333 120 95 53 209 237 163
109 254 476 150 299 469 156 460 401 229 15 30 411 231 231 355 54 186 311 149
96 431 316 226 368 247 70 460 358 412 238 440 151 398 203 3 435 103 474 35
412 301 30 125 363 371 417 56 159 221 410 386 181 95 235 274 270 139 274 57
18 61 175 115 119 178 463 154 386 302 163 163 469 163 106 322 421 177 187 449
237 289 458 385 289 116 311 338 196 386 302 386 110 301 63 316 78 475 77 286
237 289 189 296 151 401 359 440 409 318 410 460 458 225 492 323 216 298 386 336
18 156 53 378 410 340 297 363 403 285 371 456 276 186 5 257 18 404 180 143
195 454 386 235 163 469 57 237 5 332 18 435 40 163 469 178 253 382 156 265
270 447 438 163 386 270 31 386 299 213 299 458 492 367 152 11 204 38 454 60
237 436 163 395 328 85 196 259 386 253 222 106 464 299 95 150 150 299 115 223
257 452 237 385 352 195 174 38 148 108 371 465 385 318 218 158 481 115 53 193
175 224 320 105 216 171 283 109 119 454 206 410 189 351 9 437 42 326 163 469
237 464 299 259 431 150 360 317 95 68 126 258 206 295 367 440 216 458 193 163
18 458 378 397 487 259 181 11 429 262 270 268 289 318 163 394 196 96 170 440
109 124 237 445 429 440 204 389 262 36 295 470 261 383 163 213 235 386 344 443
440 441 106 283 77 367 449 18 339 115 301 204 454 96 204 69 495 78 106 460
237 409 163 438 483 301 30 323 426 148 360 250 395 150 360 363 477 150 253 409
436 20 47 347 234 429 474 450 410 383 409 299 458 259 76 13 183 46 385 483
237 158 124 347 410 135 70 35 163 296 289 378 439 487 85 119 419 173 20 190
237 368 347 18 389 293 62 344 428 185 122 305 235 16 203 423 203 389 487 7
237 346 492 347 226 244 299 237 36 20 155 104 371 9 54 193 162 493 386 336
237 157 254 203 450 159 60 81 454 365 478 151 48 284 299 14 385 318 216 481
18 332 486 154 383 163 464 383 258 335 209 46 1 109 454 264 269 301 479 57
419 106 175 154 460 460 460 111 219 328 257 47 237 445 440 216 65 456 104 457
257 18 225 120 276 149 74 288 235 419 257 440 386 487 259 175 106 0 363 33
237 283 48 43 22 216 46 385 418 327 118 57 238 237 163 259 464 383 162 411
237 299 237 214 411 417 113 126 77 50 32 367 437 463 378 42 21 155 322 270
417 396 224 318 424 190 382 53 116 53 204 454 275 211 231 215 440 492 173 104
279 200 435 400 94 42 383 187 333 149 338 254 415 184 35 120 476 237 116 386
18 94 133 411 175 78 460 113 460 387 342 492 278 441 196 269 85 46 338 406
214 386 461 3 43 151 483 158 389 54 222 79 31 82 126 289 193 204 454 444
304 89 253 290 103 193 193 405 383 410 454 168 429 119 328 31 435 400 487 435
440 363 296 410 284 289 23 190 50 281 25 289 478 297 385 151 21 419 95 123
18 458 193 25 9 360 286 422 65 241 318 433 270 438 175 469 70 389 365 96
237 352 61 412 492 185 237 209 345 0 237 33 385 209 13 237 430 288 222 119
228 317 157 465 333 316 386 235 365 332 115 68 133 208 18 458 204 338 454 105
318 386 461 14 439 338 44 438 168 419 225 216 73 169 203 435 226 269 352 90
419 257 237 319 117 416 3 386 203 8 470 360 149 193 69 450 239 297 435 360
440 146 164 323 417 332 110 410 282 156 318 386 336 440 333 237 483 301 356 30
380 150 293 63 20 386 386 360 36 222 163 299 439 386 336 177 112 440 454 251
18 150 237 74 435 419 207 389 4 236 429 389 54 44 440 97 157 234 386 461
124 412 269 316 363 288 119 46 226 226 226 31 329 149 57 214 444 231 163 186
237 409 291 406 455 386 47 259 250 382 156 77 410 134 160 179 356 229 464 410
278 7 228 483 316 338 180 163 274 111 338 237 437 42 396 226 490 180 190 330
67 239 483 273 14 438 458 363 475 226 341 201 259 144 15 206 338 338 29 175
440 175 113 426 14 187 364 351 108 291 195 412 120 235 338 195 82 257 165 144
453 204 454 386 48 259 236 474 175 18 40 175 458 20 237 175 367 440 297 445
440 431 235 386 25 237 74 464 489 299 237 385 257 237 464 356 282 66 109 104
237 449 247 371 31 48 164 347 18 109 221 63 177 254 315 386 229 288 278 412
109 124 237 214 203 116 274 124 154 426 362 412 259 264 375 68 274 158 57 204
124 237 61 18 458 259 404 317 228 177 170 28 412 200 213 120 119 334 30 384
338 440 386 336 440 297 331 111 415 47 247 13 109 254 20 154 78 386 301 464
412 301 179 383 383 68 192 110 263 437 34 492 185 237 369 199 255 226 435 159
299 204 80 237 332 36 439 228 476 237 283 228 2 332 19 77 206 476 422 105
104 204 186 319 133 464 372 113 376 400 316 363 154 106 421 171 318 470 231 231
406 80 237 454 243 439 53 463 385 338 443 383 365 409 204 311 237 76 344 379
446 95 412 438 492 156 478 297 495 235 43 259 156 78 386 177 90 401 251 433
257 284 119 349 46 19 441 447 8 46 338 338 378 120 74 283 34 145 327 378
237 289 459 105 109 441 389 458 193 458 355 44 467 462 299 471 105 492 185 417
440 115 119 78 393 386 235 464 396 454 175 468 463 154 416 365 478 53 411 251
18 458 378 458 180 219 412 425 281 301 459 438 226 336 440 6 481 222 439 80
440 203 163 149 475 20 484 53 68 340 19 222 295 103 378 385 167 458 184 45
237 158 119 193 458 133 180 338 209 164 165 341 386 235 338 237 289 378 385 115
237 119 115 105 115 364 464 479 196 79 46 194 171 226 237 95 454 487 124 34
289 168 61 440 151 412 390 190 371 113 144 460 458 130 410 283 225 37 275 318
54 429 441 104 250 277 104 483 151 483 19 424 419 226 389 186 257 257 419 133
237 119 335 458 360 214 329 378 331 258 495 74 410 460 322 375 436 367 409 258
237 23 471 180 271 386 235 338 419 257 66 440 386 161 386 270 42 410 157 401
237 425 356 174 442 40 68 18 185 418 156 441 222 185 126 258 2 151 381 223
237 352 368 484 384 77 46 36 115 425 237 412 301 237 237 33 94 237 33 389
440 151 104 46 334 244 119 162 371 259 318 386 218 163 371 154 397 283 130 301
94 406 278 109 18 115 383 429 150 412 476 123 76 317 159 382 383 385 96 30
237 419 440 149 318 410 389 43 46 99 150 269 115 255 82 379 331 193 56 85
257 199 54 417 396 265 226 410 368 124 85 150 177 338 289 193 237 470 231 253
231 476 57 454 237 214 46 73 338 151 270 225 158 13 410 20 70 389 132 440
237 299 469 351 178 253 469 405 383 191 471 149 457 461 169 36 367 36 238 378
237 67 163 492 316 250 458 151 177 157 425 373 119 60 163 301 253 445 163 159
237 74 212 416 456 180 190 275 247 237 464 119 342 44 297 206 424 440 0 237
403 222 460 159 19 54 149 492 213 499 237 124 207 119 178 253 456 226 240 237
18 317 186 338 57 277 389 250 318 404 168 429 335 299 458 456 251 36 433 34
440 421 458 163 492 386 46 48 114 206 386 452 106 283 119 50 25 73 297 111
47 237 299 316 332 378 163 333 333 292 237 386 390 299 244 36 289 53 112 367
406 259 317 151 47 151 104 483 196 123 422 85 126 11 76 196 77 266 95 115
440 253 469 297 191 301 182 383 456 406 297 95 406 95 443 279 95 454 443 237
237 164 477 399 367 446 110 311 443 338 127 187 417 419 371 259 217 213 44 279
419 1 86 270 95 443 440 386 334 458 204 434 120 190 120 389 104 109 104 318
190 237 352 445 440 426 9 317 347 410 495 2 322 322 235 33 235 487 8 412
35 425 495 204 406 235 455 31 416 106 120 172 171 327 235 43 237 161 234 163
233 371 259 237 473 187 454 36 79 297 223 386 365 386 45 150 299 30 419 63
338 293 425 47 237 19 363 34 99 336 2 151 474 159 476 237 74 163 46 492
237 487 217 96 454 411 349 419 163 149 338 235 259 363 63 492 185 419 18 378
286 386 7 361 360 214 124 35 366 237 460 358 22 481 401 435 358 412 204 174
237 214 444 73 289 163 203 167 281 495 454 386 209 429 458 385 253 167 297 273
168 311 247 378 259 104 250 453 276 347 410 40 270 56 204 454 281 410 462 412
237 353 410 225 216 490 163 469 163 469 103 433 384 250 389 116 21 109 464 8
159 221 460 113 235 270 310 30 74 429 458 204 204 290 14 175 9 204 175 333
18 317 131 488 410 77 235 447 181 365 328 450 120 262 18 80 168 124 237 445
406 289 85 318 339 286 94 316 18 365 454 211 310 85 426 464 322 57 237 175
124 425 108 242 419 257 237 445 321 119 334 299 86 175 91 352 150 454 332 283
440 425 9 175 91 435 490 204 312 454 301 214 295 163 439 327 204 287 412 204
35 425 270 95 298 18 270 469 318 386 190 458 316 333 196 234 271 464 328 479
63 104 386 175 189 437 321 119 387 399 458 115 249 415 55 27 449 409 150 196
120 120 31 331 492 429 18 440 11 222 163 449 79 454 425 160 483 96 383 383
304 57 31 193 9 469 229 363 367 437 292 193 417 410 16 20 492 159 383 47
119 104 242 279 150 386 419 106 460 94 43 399 122 235 270 33 460 458 130 235
419 257 237 283 9 196 295 174 66 190 440 151 104 483 242 482 235 114 423 17
237 74 78 95 234 389 301 214 342 487 19 378 338 442 227 68 363 386 439 357
237 301 318 262 383 383 425 492 185 304 93 158 124 296 289 237 168 332 270 310
419 489 454 237 468 216 157 204 63 299 469 53 258 301 385 378 385 464 3 419
149 379 93 237 236 222 439 386 231 338 428 319 104 254 378 7 250 405 338 239
419 254 406 185 157 275 74 162 185 186 200 377 450 412 158 37 360 214 386 446
406 289 478 289 151 402 70 237 304 150 18 297 235 222 481 492 490 434 119 247
25 440 386 18 389 164 184 163 316 360 68 133 258 495 299 237 214 231 163 109
18 50 32 400 435 66 20 133 432 386 235 339 68 181 235 487 410 237 497 38
282 289 412 442 316 239 461 85 149 15 65 288 411 237 163 419 71 104 124 85
120 63 53 297 483 299 283 471 149 316 360 417 396 9 32 226 301 299 237 492
231 440 245 96 242 412 60 15 206 360 214 363 360 154 179 383 19 154 410 281
237 105 383 163 403 80 321 460 175 177 68 410 449 119 53 184 386 235 94 494
439 386 172 431 429 449 419 449 356 175 371 407 483 161 287 47 386 237 209 450
406 190 310 11 465 439 153 25 163 110 332 324 412 426 386 339 458 214 431 141
237 140 426 64 426 449 338 282 440 163 483 151 433 469 119 104 318 385 151 327
440 46 130 386 336 440 168 445 440 93 119 168 492 185 237 187 48 47 234 234
453 226 249 299 378 385 151 327 223 67 449 74 433 438 431 419 474 53 396 60
406 159 330 440 185 47 326 237 425 385 371 464 492 211 438 412 236 322 322 338
18 317 386 18 56 204 5 298 338 302 189 35 367 440 119 335 235 464 110 31
270 9 470 204 412 36 123 460 99 18 458 1 211 385 319 460 204 454 287 462
271 424 440 386 479 226 191 412 270 452 301 154 237 35 36 478 53 385 36 157
231 283 115 379 121 378 484 186 259 50 475 378 289 335 443 37 454 82 47 102
237 283 76 378 449 94 338 419 477 419 257 237 187 417 411 412 37 454 74 435
440 203 2 122 151 283 338 112 383 383 494 94 369 235 270 490 229 65 172 78
237 468 77 56 228 150 360 383 31 302 163 316 163 237 299 371 365 53 60 417
318 386 406 168 240 458 443 237 282 175 199 327 223 492 412 483 301 187 70 109
78 386 336 394 251 18 297 487 435 31 19 235 297 401 184 410 109 90 120 46
403 200 117 365 222 18 163 317 219 454 193 43 124 104 85 259 313 226 154 175
237 419 81 317 157 431 237 356 449 218 489 57 211 48 240 66 46 248 272 334
119 193 458 378 458 487 415 47 433 63 417 349 237 214 419 270 43 371 464 417
237 157 462 412 492 247 302 283 237 440 204 410 104 318 383 36 109 433 68 259
237 301 284 271 42 31 435 400 454 151 266 483 160 62 464 176 79 46 3 487
237 492 222 259 148 435 103 177 389 116 323 259 463 288 231 305 452 57 31 226
440 454 386 336 270 490 229 435 436 17 412 301 133 288 385 397 196 297 483 316
237 368 383 454 281 483 308 47 63 483 483 483 331 139 130 204 462 235 237 417
237 489 149 139 163 213 492 419 386 454 119 458 352 318 459 11 492 185 46 114
119 178 487 204 204 200 77 410 412 288 440 97 301 148 148 474 483 270 213 177
237 289 385 221 492 367 437 235 419 433 109 413 283 458 241 400 471 110 429 126
237 468 4 36 389 358 401 464 338 33 367 454 297 364 54 276 406 412 77 206
18 20 257 270 461 121 299 458 333 46 483 475 120 345 460 421 456 218 170 148
338 253 426 113 460 301 150 47 225 437 46 163 289 193 139 30 159 266 365 45
476 312 287 386 203 30 105 204 110 452 175 175 53 339 409 108 405 18 263 115
237 68 150 163 69 316 283 177 231 385 443 187 425 37 368 440 163 386 424 301
63 217 104 317 109 32 338 462 135 221 454 193 94 483 15 190 492 185 474 371
63 150 18 33 465 439 175 324 378 259 316 499 60 383 410 415 425 120 490 275
440 386 438 460 301 103 109 151 104 483 483 301 483 410 290 388 218 119 163 235
406 440 318 163 383 410 441 150 104 383 317 223 386 320 206 281 476 301 476 492
394 458 208 458 318 163 383 449 135 22 42 104 422 268 367 454 23 487 349 239
383 163 109 279 253 46 167 185 424 322 331 449 163 469 148 464 483 196 144 338
68 77 48 458 363 43 360 333 386 377 389 119 178 319 367 454 289 36 498 175
383 163 448 310 340 144 10 271 190 301 204 236 429 434 365 386 80 96 105 218
94 231 163 428 120 417 301 159 0 237 46 466 301 383 193 338 159 338 435 204
237 295 163 433 464 85 449 439 119 178 193 458 259 328 411 363 459 163 289 193
489 53 412 320 383 193 103 338 164 325 405 495 254 389 86 299 331 231 231 163
101 149 338 241 90 8 237 417 386 235 95 341 185 474 230 68 410 231 487 495
119 458 163 53 193 193 458 77 196 161 35 440 238 70 460 412 161 46 81 163
237 339 410 218 334 116 53 74 45 163 299 332 439 53 212 487 8 18 22 236
288 237 119 163 352 163 439 386 417 419 50 229 106 405 410 431 3 27 378 244
412 425 237 163 493 419 121 431 371 259 204 412 150 229 36 358 235 237 409 258
18 458 378 193 85 391 104 386 367 409 386 338 57 469 301 297 340 163 469 223
257 419 154 119 178 253 259 301 288 476 412 464 299 130 23 174 62 115 237 175
346 163 53 211 339 374 46 22 360 179 476 8 454 397 454 365 420 496 306 412
440 63 104 53 301 253 445 457 149 46 310 385 245 363 466 492 298 156 57 164
237 104 214 363 449 121 492 254 362 101 120 288 415 483 96 204 299 95 183 454
237 440 458 163 92 417 151 334 458 288 133 356 349 383 383 288 338 338 338 33
454 297 334 396 175 450 299 419 402 163 282 364 79 401 46 49 214 239 257 270
237 289 411 17 492 11 111 296 120 298 57 32 361 235 464 175 417 86 425 43
237 289 259 370 126 283 482 281 299 449 254 476 186 299 196 193 299 237 214 237
109 479 14 13 127 50 14 270 22 174 385 124 459 367 383 86 174 368 92 235
440 144 235 237 439 383 163 259 253 180 384 50 435 83 78 371 200 111 17 409
439 136 410 383 443 338 120 454 156 177 36 222 433 386 431 404 105 463 60 206
237 235 464 438 417 469 458 363 237 174 271 259 186 288 186 208 258 440 385 120
124 237 214 483 465 385 175 133 226 340 189 61 109 297 235 46 46 162 24 231
237 380 329 385 151 104 56 111 340 371 141 214 493 445 293 383 163 428 148 335
199 290 204 74 493 406 269 454 316 42 327 219 383 172 235 18 422 34 481 157
237 410 237 410 270 438 175 316 338 119 120 237 272 437 275 474 160 454 222 464
237 419 111 339 148 104 259 60 478 104 104 104 10 47 217 46 163 378 253 2
237 425 478 212 270 403 388 64 44 481 407 396 454 481 328 235 149 94 126 459
237 175 417 334 410 231 44 409 258 495 462 409 383 287 193 92 50 220 78 132
440 386 444 237 438 419 403 95 253 259 220 220 104 425 452 237 492 263 18 365
464 89 233 115 384 257 440 333 18 185 458 186 378 458 225 163 97 384 238 163
237 115 151 454 222 270 46 47 427 368 432 460 175 403 403 417 222 464 223 317
18 458 204 412 281 270 190 440 465 9 375 22 475 435 162 86 18 185 474 452
57 14 163 492 86 371 332 275 487 96 239 339 214 167 319 297 191 301 380 214
439 386 235 490 259 319 435 376 115 299 47 299 104 357 464 189 422 440 109 412
312 476 329 334 116 435 196 111 360 122 349 196 120 433 163 352 149 298 310 212
237 175 352 368 381 299 169 11 161 411 378 237 258 386 317 419 122 235 412 334
216 237 438 419 440 124 150 338 386 28 293 469 389 297 435 174 124 237 33 386
237 492 185 468 383 436 20 122 119 120 105 235 469 335 430 235 338 216 99 259
237 425 419 257 318 490 259 449 111 479 322 433 329 431 181 212 367 440 211 385
270 379 101 454 132 440 151 409 252 32 35 14 385 385 289 469 64 250 338 237
417 186 332 270 475 438 299 149 322 475 460 158 495 189 351 222 53 229 108 124
468 149 53 204 258 162 156 22 365 55 236 429 40 262 2 272 73 426 335 99
47 368 231 235 386 389 183 225 35 35 386 42 371 429 363 327 149 338 151 334
237 417 48 269 334 109 115 104 223 317 169 212 414 284 221 460 176 426 419 119
440 186 124 402 98 82 432 389 454 289 478 104 405 383 289 274 119 109 160 56
477 94 480 175 47 124 298 468 177 495 240 458 229 226 78 371 492 291 11 288
237 296 211 48 104 259 386 336 148 435 174 354 237 163 274 366 149 237 438 483
420 270 95 47 429 104 371 163 316 363 34 258 279 293 386 461 47 234 9 464
29 77 456 190 237 454 96 193 400 301 297 96 284 465 163 141 476 17 390 153
237 156 163 253 338 130 489 383 367 440 189 196 454 297 196 283 64 466 372 363
318 225 378 268 63 370 46 188 237 492 104 154 47 222 383 163 237 406 289 189
440 308 130 386 336 440 297 487 383 18 405 349 237 76 378 439 466 371 492 74
440 159 436 494 172 96 318 177 394 454 275 185 494 233 13 20 9 322 389 334
237 417 454 458 363 102 358 442 186 274 124 448 56 34 20 429 454 365 463 318
109 222 299 94 270 247 149 454 104 318 18 317 265 223 454 190 60 191 433 33
18 150 237 299 237 385 371 222 378 385 239 257 462 237 74 86 133 48 18 365
168 237 462 429 33 438 429 468 185 383 104 53 301 38 64 47 133 379 481 460
237 412 410 175 92 214 29 175 59 184 257 270 179 103 400 492 46 337 171 223
440 253 115 469 135 458 345 214 363 77 266 410 265 104 405 383 494 279 397 467
237 175 206 179 19 169 492 257 94 230 414 383 121 298 219 18 389 442 483 475
237 119 334 158 0 237 301 204 410 260 116 382 174 341 457 449 363 71 121 180
440 96 163 104 171 222 378 338 120 46 73 42 259 270 262 109 115 143 18 185
237 164 363 163 213 480 139 253 173 323 133 45 247 358 97 237 385 257 18 468
237 417 419 257 151 47 237 55 231 397 46 153 94 231 163 378 163 175 386 235
247 77 438 492 371 167 464 301 60 454 301 459 211 44 237 63 316 36 9 417
89 133 5 411 378 85 415 386 104 187 104 457 111 360 440 446 0 237 386 283
257 297 162 1 211 385 380 406 440 85 204 0 94 237 471 424 286 283 327 237
237 289 111 157 119 328 378 193 332 163 163 210 469 178 386 54 149 35 18 86
462 124 106 490 24 171 441 177 155 11 30 121 371 492 442 290 163 33 211 406
237 33 417 283 273 433 9 386 235 34 22 138 479 299 334 304 17 149 148 478
257 350 297 117 237 121 57 216 378 158 481 21 157 0 469 269 378 45 117 159
237 279 68 163 19 333 378 218 365 214 375 186 63 57 149 35 163 185 187 272
476 460 150 299 469 98 386 46 83 389 157 231 492 222 283 59 163 15 438 95
266 22 46 338 226 380 169 426 371 483 74 77 449 222 104 216 458 204 70 272
489 383 287 469 366 409 97 425 258 237 119 163 469 335 433 175 449 53 159 429
18 493 492 1 333 95 412 360 288 119 120 266 106 416 106 405 383 365 214 186
440 163 469 74 481 401 250 44 183 231 383 247 193 354 237 163 274 389 358 119
237 358 94 71 65 174 195 397 81 247 396 492 223 371 495 492 425 449 272 214
237 425 450 78 371 386 270 257 333 281 492 185 239 91 321 440 454 364 279 150
237 289 180 488 111 9 77 226 100 81 492 275 270 116 386 462 218 46 334 350
412 461 483 334 363 467 176 440 19 292 435 253 150 66 383 156 318 46 172 73
92 443 175 467 204 69 193 383 317 488 77 375 383 43 220 301 204 495 247 119
406 452 162 405 8 237 74 289 189 237 33 187 79 462 266 222 299 458 378 487
178 363 352 214 288 37 328 19 66 457 173 204 214 358 483 454 13 254 181 195
237 186 5 18 185 335 299 47 411 342 376 77 363 34 299 300 148 105 163 30
237 283 371 378 115 492 3 406 204 454 122 409 318 112 386 235 490 171 163 386
336 237 464 44 99 410 276 359 77 52 448 132 317 175 336 237 417 18 86 462
237 74 289 77 371 334 378 145 419 449 121 338 34 36 385 115 401 433 414 2
237 438 214 96 204 318 367 284 383 262 458 44 347 454 442 386 96 46 239 201
237 175 67 449 338 282 367 454 297 383 400 222 144 428 297 152 237 464 174 475
177 237 385 131 458 385 164 464 479 150 253 499 109 299 151 104 105 424 157 397
452 384 53 240 334 378 196 435 190 332 367 440 293 42 3 47 237 214 37 109
235 458 204 5 60 495 92 104 332 250 202 429 109 47 124 94 77 468 367 70
74 311 311 114 318 253 170 424 53 40 131 458 204 204 227 238 417 179 461 109
315 401 189 148 418 458 363 490 125 378 428 112 416 316 196 320 478 450 281 476
18 162 185 394 226 284 190 412 483 299 222 106 405 83 378 235 365 386 310 95
237 419 296 223 317 219 463 36 383 163 163 469 204 344 386 290 31 364 122 2
440 350 457 53 483 328 225 255 46 46 216 81 163 316 146 112 148 464 149 186
237 289 412 1 109 156 185 149 219 219 68 9 28 453 360 119 458 259 378 262
237 489 386 390 406 323 458 204 410 426 151 171 384 333 196 237 464 258 426 46
204 258 440 158 157 397 196 483 149 122 235 412 456 14 338 475 460 301 479 435
479 162 70 301 30 386 471 235 492 220 235 331 446 163 163 149 116 167 175 190
237 464 406 95 119 335 458 490 284 383 237 116 54 436 193 250 226 343 222 415
237 419 34 212 270 157 371 333 386 419 490 163 172 163 449 163 439 286 163 151
237 438 150 237 406 412 476 332 311 28 164 36 492 443 233 362 412 363 291 389
440 318 459 163 492 105 383 443 214 214 358 237 89 390 468 237 454 301 385 289
18 95 269 124 270 257 237 163 163 316 386 54 386 336 237 283 394 458 222 19
304 412 386 390 23 463 223 214 329 430 383 94 426 441 190 60 449 185 219 46
440 386 336 112 440 157 191 417 461 397 96 1 333 483 424 464 301 338 18 386
237 352 368 492 222 410 299 458 259 118 63 119 316 138 352 319 299 316 411 37
279 150 18 341 386 112 77 190 64 349 464 465 283 34 62 490 358 322 429 196
318 487 200 269 138 270 248 106 138 299 479 463 235 237 163 115 332 177 77 449
237 33 86 289 410 203 257 462 78 237 417 489 433 333 239 386 161 386 338 338
299 492 406 318 207 123 330 440 163 163 149 193 239 157 234 76 305 338 18 59
257 410 18 86 445 40 270 320 237 25 440 378 79 54 270 68 205 384 410 237
270 419 116 143 53 204 355 453 301 101 442 112 83 415 454 386 336 454 483 301
149 221 322 18 18 20 104 70 440 36 386 270 461 389 30 235 439 367 454 275
159 115 130 385 480 445 42 383 74 385 385 371 226 417 141 492 42 2 139 253
404 20 9 64 474 319 77 417 492 185 237 385 245 352 174 150 406 185 149 471
119 328 281 476 269 221 429 106 405 19 236 157 119 96 105 438 109 297 385 295
175 318 98 386 54 487 196 206 476 390 121 275 386 18 275 222 317 151 270 438
237 417 141 229 86 122 231 338 210 258 29 296 20 149 260 206 122 412 330 440
237 334 438 46 301 383 284 383 317 458 180 181 235 279 237 464 175 302 259 317
440 144 312 272 34 458 193 251 204 454 189 242 63 179 19 34 460 358 119 284
237 462 150 417 492 371 417 310 157 476 24 260 461 217 383 383 193 400 386 365
299 337 133 317 48 436 20 5 412 104 57 386 444 301 483 53 178 18 219 371
237 110 235 383 458 27 204 204 168 344 115 437 11 104 402 367 289 46 385 405
299 95 143 213 299 371 458 397 270 431 205 483 60 216 85 111 379 383 29 295
419 257 440 237 386 390 299 386 438 332 329 55 334 224 204 204 258 35 144 18
222 53 258 385 296 166 470 237 385 318 52 386 475 40 341 157 124 96 150 46
25 440 386 349 365 115 392 92 235 389 392 284 478 212 213 293 102 449 266 166
417 213 180 349 412 301 178 154 77 266 18 109 151 104 456 190 32 174 175 335
418 270 139 381 492 388 406 397 260 218 144 183 380 363 416 106 460 464 10 157
440 333 124 249 340 316 122 235 386 18 410 405 299 169 79 148 297 449 287 191
270 419 406 313 115 259 389 95 183 236 9 358 412 150 208 53 284 340 235 401
119 104 117 363 3 417 99 301 400 454 171 378 299 464 110 231 492 18 323 157
160 301 101 311 316 288 119 224 214 445 237 193 151 37 258 385 397 173 46 96
237 86 429 492 222 489 454 365 60 253 311 226 103 144 360 319 378 385 347 394
235 467 294 126 193 318 106 405 494 34 101 424 479 301 54 483 226 493 42 57
440 151 458 378 412 319 367 353 126 258 77 371 401 462 250 222 218 54 274 104
237 464 438 150 299 276 299 386 86 282 318 481 94 163 262 92 139 185 222 383
237 489 106 175 383 342 487 428 222 53 193 116 412 471 120 464 299 92 454 426
237 96 64 465 175 231 464 483 275 30 338 440 151 371 161 495 284 412 235 305
237 368 492 222 299 474 458 311 231 310 30 419 104 42 338 440 262 386 148 8
18 317 26 469 464 104 492 185 417 301 122 406 412 452 171 432 222 403 475 184
342 163 157 149 492 177 433 241 195 111 93 179 465 476 150 310 23 18 240 253
237 489 386 114 458 204 400 120 66 440 85 220 311 288 234 345 462 419 417 289
419 274 320 177 386 235 458 378 19 262 163 492 132 454 386 235 18 85 336 440
18 317 41 50 281 476 94 235 487 172 256 163 109 219 85 410 383 383 459 385
477 94 163 53 258 214 99 445 440 440 43 237 290 158 485 442 163 149 139 253
412 425 486 288 397 380 476 431 25 119 77 77 383 104 299 397 163 386 338 493
18 46 195 458 385 66 150 31 109 180 70 119 206 492 218 386 235 74 459 163
406 334 478 296 13 440 272 42 124 400 376 457 229 288 372 423 378 193 407 186
124 237 445 440 227 369 440 462 371 214 378 163 386 471 44 382 497 34 46 174
18 454 92 133 458 133 475 332 283 360 325 425 160 175 222 385 60 314 163 242
47 371 120 488 454 292 225 405 456 190 301 231 204 454 96 163 104 239 9 383
175 237 283 455 497 2 151 163 139 35 266 430 320 214 36 464 273 467 237 444
168 397 203 149 35 121 237 66 206 463 60 270 77 368 449 163 213 386 332 355
66 36 259 493 301 204 258 206 122 412 483 57 386 10 54 211 338 344 440 446
282 365 476 449 461 360 383 417 175 101 386 336 247 476 133 299 237 136 410 358
237 419 440 149 383 163 383 471 149 163 213 44 99 410 395 34 299 332 237 454
254 431 431 460 110 454 328 231 275 282 440 204 454 297 435 174 124 237 445 35
237 419 257 270 419 54 235 11 389 461 417 455 464 463 171 96 120 378 251 15
237 425 417 235 18 89 454 180 350 214 141 214 124 331 157 270 419 386 367 92
440 229 313 235 235 18 365 383 440 163 287 386 93 240 37 319 235 297 445 454
124 237 163 255 419 163 274 60 318 173 383 409 258 440 46 329 378 108 378 253
426 236 61 11 483 85 302 386 190 70 109 86 440 383 216 148 327 464 145 336
425 297 51 454 284 299 14 329 104 250 124 338 204 3 122 110 440 475 204 64
440 128 386 231 338 389 150 284 221 120 220 461 116 269 276 419 77 311 237 187
266 136 95 257 237 358 464 21 164 163 175 449 449 461 383 263 275 425 148 297
94 441 217 18 458 185 386 190 330 440 383 211 458 253 253 180 36 222 367 454
237 475 163 299 132 104 454 297 345 297 461 483 469 301 35 363 380 119 224 46
237 289 385 157 3 231 214 363 400 186 133 221 394 367 440 238 454 116 338 440
235 339 412 301 258 83 481 185 89 299 345 251 492 374 321 120 18 124 34 293
237 417 419 257 414 449 121 458 283 57 400 85 26 437 163 386 320 288 150 452
68 387 383 163 469 163 256 95 31 82 237 209 164 449 439 245 380 174 212 257
237 419 257 410 77 425 296 249 299 225 104 242 415 157 451 48 235 310 18 86
294 163 163 446 68 77 464 400 458 410 330 440 386 490 360 237 74 299 344 487
237 419 370 103 48 440 0 237 237 299 290 44 297 303 95 385 371 104 378 19
440 318 386 226 429 204 410 299 458 204 389 444 54 483 352 151 492 276 186 38
237 478 355 332 18 185 148 219 104 242 235 336 237 44 355 54 74 489 386 417
440 204 68 133 299 214 35 484 186 119 178 55 405 410 234 459 160 222 47 419
439 386 96 459 263 223 214 239 237 163 46 175 105 117 338 338 428 139 109 464
283 46 236 405 33 322 417 289 412 290 57 411 204 410 38 440 338 390 406 93
425 363 105 463 335 386 235 412 28 423 121 124 237 44 19 347 454 138 120 18
237 112 102 417 419 477 409 454 386 438 150 406 190 64 63 316 458 204 151 135
228 399 149 149 151 433 68 363 428 107 460 311 231 37 76 338 490 378 458 163
120 257 383 435 311 237 163 163 255 286 371 47 3 104 154 104 318 367 440 76
270 475 329 116 386 486 193 103 400 36 456 302 299 458 163 458 163 386 36 27
419 257 426 216 318 424 162 410 371 371 238 446 163 439 163 439 386 464 386 234
237 283 277 299 204 458 133 317 270 458 204 133 458 363 203 269 378 385 430 311
299 95 385 289 180 109 222 53 6 53 297 454 109 352 115 18 365 386 478 365
417 289 109 115 149 338 305 235 490 10 0 338 440 459 163 492 185 119 186 319
177 119 108 371 53 193 458 259 492 95 274 115 299 104 483 401 204 19 3 454
257 63 299 432 234 415 367 53 385 128 249 458 378 400 96 105 383 43 386 336
63 177 436 163 360 476 311 138 438 386 204 175 383 119 120 189 492 185 119 178
18 269 208 253 96 85 184 233 358 325 47 493 237 237 296 163 172 231 231 214
35 394 144 464 463 405 383 410 406 185 149 464 345 328 259 483 479 62 57 458
237 119 297 316 250 226 177 338 338 409 492 162 445 235 473 35 182 290 204 311
440 386 209 297 223 250 365 48 121 405 383 383 410 85 149 116 41 222 47 133
355 271 318 316 415 187 365 206 18 334 458 193 458 259 15 435 130 285 241 42
270 108 63 96 318 386 444 237 438 150 150 483 235 18 104 254 283 441 89 301
253 279 316 53 387 5 412 86 454 483 483 45 47 177 415 212 266 225 473 457
45 476 390 235 259 470 177 140 254 464 275 301 204 410 56 462 283 95 443 383
282 115 18 424 273 435 400 11 30 464 150 36 115 234 240 0 237 385 115 149
237 163 180 365 222 299 237 385 386 283 157 298 481 275 95 229 320 253 77 454
346 19 431 410 320 151 106 61 489 489 106 33 433 270 469 70 37 378 439 462
68 441 127 318 367 483 15 92 105 63 53 450 464 338 289 156 275 33 425 74
448 476 467 426 422 111 47 412 429 384 64 421 272 209 73 115 33 96 386 265
257 23 204 338 237 36 33 416 106 441 106 431 77 266 276 91 213 175 384 119
237 336 299 160 419 163 254 163 239 46 163 106 476 229 3 204 454 146 475 117
109 254 119 334 318 417 196 443 187 81 492 128 492 185 460 173 219 299 220 299
440 386 308 55 417 454 297 408 370 4 9 458 383 435 31 42 117 338 440 328
406 185 225 479 44 471 449 417 363 32 436 386 17 274 222 417 227 304 9 222
237 299 237 209 295 65 206 276 200 471 235 237 439 400 178 378 310 237 211 459
237 289 323 22 172 336 386 159 77 416 163 333 483 220 179 172 217 159 360 380
1 86 185 104 342 386 266 223 30 223 378 493 406 44 117 119 46 114 376 37
43 469 464 256 354 36 257 386 46 144 237 116 379 105 367 366 299 104 483 483
18 458 378 193 255 37 180 189 95 139 274 429 119 46 180 441 89 454 74 259
440 289 262 386 157 124 237 378 184 493 332 65 487 355 208 96 386 444 237 438
440 286 297 191 135 301 148 46 271 83 397 53 235 216 493 439 209 297 331 229
247 358 399 237 141 214 483 215 124 204 406 297 298 365 180 383 94 235 237 163
237 449 409 14 439 290 458 163 154 77 410 281 476 386 229 378 492 133 270 393
237 289 378 458 77 237 492 257 386 235 403 73 73 180 383 469 373 317 338 151
149 221 18 440 46 409 163 385 419 163 124 148 386 231 417 301 319 103 95 204
18 47 375 18 115 253 144 378 78 220 206 269 57 458 184 369 411 131 65 36
18 33 464 95 480 117 186 176 82 18 18 185 144 270 235 458 311 237 338 294
237 301 49 204 226 42 177 389 354 44 259 246 259 2 338 213 361 429 417 249
222 43 259 378 193 223 45 457 34 120 89 77 329 104 150 19 412 301 371 378
419 338 34 460 460 438 149 70 279 397 371 333 333 316 437 223 356 349 283 216
254 454 425 356 208 239 185 43 81 240 445 463 172 96 386 132 440 46 274 222
385 352 449 338 67 42 149 35 250 237 417 417 151 97 301 258 495 422 328 454
304 18 109 492 190 115 46 18 297 310 245 46 19 338 255 439 188 445 237 119
484 6 177 440 297 301 435 196 334 465 440 270 77 456 190 336 40 416 259 149
36 386 18 334 145 43 151 270 290 488 448 395 342 334 458 410 492 222 70 367
440 35 55 47 363 194 163 459 163 109 297 130 79 378 385 469 156 467 196 41
277 150 104 371 239 386 130 175 474 271 386 250 94 236 270 338 17 475 385 219
195 454 297 372 409 299 240 260 385 115 20 475 431 135 120 257 383 452 425 385
452 463 459 163 333 237 74 464 385 151 258 55 251 297 235 417 409 454 158 296
144 360 119 313 311 432 371 487 263 217 185 460 119 115 317 46 42 252 151 3
418 119 115 222 53 258 385 237 113 98 31 95 162 157 146 186 253 133 282 435
278 168 178 55 47 237 464 10 122 231 458 259 322 487 476 150 454 23 458 383
489 149 193 338 338 440 289 231 120 355 429 119 46 231 383 383 296 19 338 253
237 283 378 196 61 18 413 452 218 451 385 151 226 104 334 179 19 93 386 150
439 133 76 400 112 465 385 204 454 13 299 127 157 299 469 13 109 229 458 133
341 63 299 159 237 233 431 235 235 237 76 385 151 334 148 121 483 250 222 104
237 141 356 180 270 222 211 435 94 410 47 449 460 334 283 371 235 18 104 19
270 95 379 6 317 46 34 108 281 495 252 109 297 276 269 316 461 231 450 35
406 279 190 454 365 239 386 336 282 31 218 363 385 297 338 383 289 279 115 412
257 204 23 311 180 410 131 460 464 95 254 119 186 476 76 396 394 410 454 464
237 338 93 458 259 291 77 56 415 204 455 371 331 180 349 458 1 163 470 271
440 332 3 163 203 454 483 293 458 204 133 278 440 151 29 94 149 53 258 120
109 124 237 371 352 259 109 5 299 151 458 71 151 196 464 458 97 257 317 186
237 464 380 452 477 139 221 237 119 193 458 393 204 214 73 368 151 474 363 338
237 473 417 204 454 365 386 458 253 447 342 175 53 376 290 297 297 331 310 383
453 460 249 438 299 237 243 34 411 18 438 301 299 469 98 77 425 391 231 282
406 289 96 30 231 172 63 316 410 458 371 45 275 306 404 148 371 51 385 36
63 177 119 458 259 405 383 253 180 109 60 374 237 214 336 476 400 74 385 413
18 371 234 158 141 187 293 214 36 234 296 193 424 338 53 157 300 157 299 207
469 435 490 163 406 492 347 410 464 150 35 299 454 289 173 11 454 266 124 355
237 475 454 158 126 122 406 454 179 281 63 270 213 252 340 254 365 386 11 476
440 253 469 301 350 124 78 122 223 22 365 397 338 196 181 18 104 410 383 149
440 395 115 176 270 490 57 389 128 467 259 327 30 254 144 484 159 29 174 175
440 431 41 235 386 25 440 145 262 44 18 367 440 204 454 216 301 378 258 440
35 425 464 311 236 322 70 270 447 77 449 235 81 163 149 338 406 18 405 270
446 323 151 177 203 459 174 415 235 5 34 464 417 421 460 254 469 173 50 234
126 74 154 299 350 214 253 485 469 470 35 352 163 121 470 301 204 454 494 34
140 299 204 450 94 425 9 419 257 237 216 231 119 163 259 233 293 270 386 175
237 160 64 284 412 456 279 297 20 310 445 367 440 386 18 440 340 371 72 289
318 367 440 386 190 56 383 383 463 106 144 433 250 178 311 32 19 190 112 80
493 237 385 95 409 299 469 104 334 126 295 3 93 180 412 410 96 371 492 388
237 74 130 385 151 327 44 456 416 438 458 378 458 378 310 91 115 319 399 34
66 203 47 237 445 144 386 301 295 319 275 36 367 80 120 449 187 27 401 171
440 483 156 239 389 252 367 66 109 222 383 311 220 248 77 437 163 270 379 219
473 145 340 187 438 106 368 317 247 53 149 163 419 257 281 495 109 371 222 163
135 481 458 30 438 478 431 158 410 312 157 462 489 115 36 265 57 112 383 365
237 158 338 179 290 419 449 74 153 199 237 430 245 47 222 235 310 289 454 386
237 289 85 458 186 367 440 454 297 298 49 104 60 229 7 449 338 149 431 468
18 185 187 25 270 296 389 367 33 211 382 69 386 411 231 119 457 133 247 149
237 475 305 299 95 492 18 213 150 63 419 109 492 379 379 410 222 109 406 289
270 95 47 371 167 319 84 467 375 85 412 236 111 43 446 144 193 475 64 451
237 289 109 371 386 258 157 464 259 15 435 177 425 410 237 119 435 204 338 237
440 228 313 109 104 319 448 418 132 149 373 2 461 135 193 156 96 400 293 109
462 54 318 386 235 331 487 259 378 445 163 213 57 369 237 219 216 144 68 410
92 104 204 423 149 492 274 240 315 77 206 234 237 179 175 237 385 352 95 259
109 445 440 371 333 104 151 458 370 85 92 450 235 310 367 23 389 386 336 46
18 1 109 429 440 154 124 119 185 295 163 439 449 163 333 386 338 138 475 215
237 168 492 429 239 323 467 360 319 235 386 490 229 36 166 358 412 483 253 18
237 301 410 95 412 18 319 322 386 310 270 410 162 383 475 385 431 411 492 185
237 419 257 270 419 406 31 330 440 204 443 237 74 259 66 221 148 148 178 383
237 385 151 297 483 328 226 301 476 82 340 429 205 385 350 179 19 378 19 378
380 476 157 492 185 282 235 338 356 235 386 18 270 185 468 422 235 102 148 386
299 469 104 483 301 86 319 247 163 106 492 419 257 92 184 98 454 371 464 80
237 397 46 383 383 163 492 306 449 278 409 163 316 431 149 19 322 18 367 440
237 187 195 69 220 312 410 386 172 109 440 222 109 11 476 460 253 113 367 70
104 299 196 109 73 405 403 42 149 65 163 410 316 121 328 378 338 41 475 454
380 345 322 289 237 161 99 429 417 339 18 68 454 492 173 405 135 98 99 276
270 189 458 289 116 115 124 260 410 18 66 440 400 24 171 144 178 487 405 119
237 289 318 368 253 193 253 419 386 425 386 270 139 163 101 396 173 371 214 266
104 371 276 150 370 284 235 440 281 333 469 464 332 259 367 299 279 99 338 383
18 344 11 81 454 477 298 486 14 68 487 338 195 454 439 53 435 19 119 102
418 105 386 386 288 46 415 44 287 425 428 369 371 432 377 424 130 293 126 412
412 295 104 24 378 385 253 396 65 363 447 111 81 415 187 250 237 283 489 237
299 237 385 151 374 217 454 298 47 281 63 379 457 77 292 320 372 193 151 334
237 94 440 187 22 93 371 401 258 186 237 133 214 363 464 265 492 20 235 270
449 149 47 360 358 234 74 457 46 338 406 85 460 358 425 124 231 371 333 386
279 235 270 95 406 403 492 77 464 253 159 435 152 452 237 438 385 419 257 237
299 454 151 46 150 6 409 492 442 459 163 259 112 70 357 60 429 409 204 454
237 417 301 319 78 163 419 133 109 222 126 258 18 18 109 151 270 368 489 454
417 334 410 120 151 221 436 191 109 21 66 239 411 18 389 17 68 433 477 447
237 289 189 63 150 177 218 237 278 406 235 464 299 149 148 401 302 163 456 334
159 398 47 234 318 367 440 435 253 310 399 464 483 109 281 132 247 2 193 400
18 317 151 458 378 378 282 22 474 410 207 222 259 437 378 251 410 460 358 237
412 329 105 70 386 320 338 65 20 431 237 163 163 466 322 452 253 293 259 220
237 138 454 104 457 412 77 81 449 412 301 258 495 43 0 454 180 231 119 297
440 237 283 397 95 95 437 148 237 423 18 305 475 431 150 275 109 151 214 47
468 307 150 177 368 260 371 33 379 305 9 469 479 98 31 77 495 226 410 492
237 417 231 74 241 449 204 287 382 476 345 382 103 270 447 34 370 409 79 470
440 318 50 14 385 478 42 104 405 460 340 492 110 56 379 104 418 327 19 19
440 130 454 297 111 82 104 450 104 151 242 360 370 298 140 358 293 367 440 253
257 237 464 44 259 131 237 258 18 383 74 410 47 237 214 237 63 206 394 492
237 310 163 386 406 104 405 150 271 302 233 159 488 204 112 338 289 22 464 105
179 356 195 193 404 223 282 203 486 70 55 363 161 449 258 250 401 97 237 385
149 406 279 234 137 159 363 367 386 213 205 385 95 271 370 47 378 19 450 53
150 425 363 460 374 275 318 386 476 116 149 461 415 22 223 209 297 164 209 229
289 117 159 190 299 431 235 310 9 3 316 386 336 440 163 259 283 94 231 19
412 301 462 237 394 334 454 301 204 452 106 483 95 419 257 318 128 386 360 217
237 492 91 458 180 302 68 403 60 38 70 268 151 104 483 316 323 253 68 363
440 267 227 385 9 3 403 298 92 235 338 440 120 31 241 218 237 121 305 249
18 317 186 412 386 461 35 270 403 222 481 270 419 235 235 107 17 338 475 454
237 33 462 449 121 309 449 36 417 478 410 66 429 78 234 440 46 414 299 204
237 417 492 461 290 372 109 70 70 386 421 172 96 239 237 299 469 34 319 140
211 492 222 106 213 120 456 252 225 120 483 22 70 307 42 133 282 320 488 371
378 299 432 266 104 318 95 484 237 209 495 157 259 231 458 146 458 483 66 317
237 420 18 272 49 422 462 349 435 174 419 419 406 323 185 119 317 67 432 53
237 301 81 163 316 366 119 106 53 458 456 7 116 177 120 283 112 454 155 47
237 74 184 301 163 454 289 274 242 287 281 28 33 222 383 237 406 355 406 254
119 96 441 150 18 328 223 30 419 138 409 175 460 450 34 301 47 492 442 419
237 74 385 151 438 333 456 190 70 440 115 149 367 151 270 55 287 386 469 28
237 81 317 237 410 425 146 297 229 174 411 231 193 162 405 299 450 492 21 342
130 96 96 297 301 297 221 381 253 57 371 217 115 66 129 40 149 470 4 212
270 419 406 297 297 297 15 46 311 458 204 66 342 42 149 223 410 239 452 424
231 68 157 295 130 406 454 62 469 73 429 335 473 430 18 104 211 18 458 204
489 316 231 335 338 226 167 20 93 458 283 185 193 414 371 319 211 204 68 355
92 226 431 95 150 17 384 454 385 96 249 259 317 299 64 450 459 31 130 96
237 289 385 358 371 464 283 18 221 299 458 184 164 464 112 460 281 299 492 45
237 283 371 356 492 222 270 262 225 492 322 492 371 386 419 403 297 15 266 62
257 237 385 204 284 13 109 419 270 225 283 66 426 198 189 116 371 115 255 150
440 379 209 284 109 66 226 269 115 149 409 417 308 237 380 29 358 214 216 0
296 43 62 111 298 109 412 47 237 437 324 371 214 182 124 172 489 106 98 461
104 292 386 295 187 163 316 386 419 18 114 422 150 115 365 316 214 200 365 115
237 425 440 8 304 338 217 406 247 150 145 53 349 403 458 103 276 60 338 47
237 289 157 454 383 409 193 301 443 383 163 173 204 204 454 293 226 179 29 400
237 289 259 352 39 156 106 95 46 332 378 79 175 341 259 53 193 71 69 355
149 247 358 5 299 3 249 133 104 483 483 483 301 483 301 369 293 383 163 492
237 68 259 367 156 9 237 283 167 289 231 458 146 148 487 483 117 328 295 48
440 467 402 55 416 3 386 336 440 386 390 43 489 33 419 406 185 237 113 349
440 85 237 293 410 386 54 417 14 148 438 317 258 358 119 463 400 120 226 81
469 464 162 104 318 316 396 426 70 318 78 154 446 400 108 237 237 333 151 171
25 355 235 128 386 449 121 405 383 383 399 231 356 328 363 422 301 119 178 172
270 406 297 235 469 247 481 473 460 401 258 20 70 440 371 185 186 119 372 378
257 47 104 24 384 483 196 237 214 250 365 352 104 104 3 46 124 237 386 138
440 463 80 95 419 368 131 159 454 223 440 6 274 358 483 301 369 409 258 94
237 48 157 259 250 226 177 305 257 475 459 163 227 231 476 196 148 163 196 139
406 289 425 371 214 358 124 237 237 475 462 444 356 221 306 157 2 179 31 461
237 391 109 426 19 327 356 23 172 365 386 110 175 460 301 37 385 309 319 322
237 102 368 141 429 1 211 385 289 117 186 66 338 29 128 338 418 223 385 352
237 419 459 349 458 262 299 163 33 454 297 454 164 386 452 464 465 301 203 163
469 219 317 254 476 18 221 169 86 17 250 138 409 210 330 412 410 237 97 274
237 5 410 460 47 411 46 231 163 150 231 24 417 406 406 419 347 410 89 253
54 237 425 277 383 253 378 459 400 157 63 483 429 425 411 406 406 406 403 42
299 476 156 332 383 367 175 9 383 211 385 66 440 340 425 476 46 483 492 185
119 168 458 184 159 345 367 149 159 18 86 250 271 339 216 204 5 38 454 297
237 419 33 306 262 426 449 338 289 237 258 130 26 223 30 464 180 187 406 318
124 477 270 163 469 172 429 177 386 444 237 385 297 301 245 163 201 386 323 283
477 225 214 18 440 253 469 57 211 349 14 378 271 115 429 397 341 464 47 3
257 89 299 46 276 383 104 130 301 495 299 166 415 365 253 464 237 214 440 274
440 46 424 20 237 279 95 113 235 48 397 454 297 234 163 383 36 317 201 492
124 257 237 33 70 289 115 119 335 458 235 492 18 185 34 299 222 20 399 235
237 173 117 46 471 437 35 235 231 231 492 20 223 403 371 333 386 367 270 74
304 159 383 23 458 44 235 274 410 161 46 163 272 85 159 18 55 332 365 386
457 77 116 237 334 410 484 252 258 46 124 29 0 175 282 163 367 440 120 5
237 478 47 455 121 34 68 433 385 405 383 367 47 332 281 283 458 163 386 88
471 149 163 449 439 293 460 38 434 235 115 234 412 336 109 120 360 222 67 417
440 96 163 467 120 301 293 410 237 299 237 163 1 163 386 299 438 492 154 412
237 454 102 405 106 68 106 222 471 258 363 388 237 214 138 105 115 374 111 293
18 334 458 378 193 48 157 412 152 417 289 213 275 201 386 18 25 115 237 377
237 425 29 116 338 338 440 334 130 279 21 426 372 449 237 299 104 61 109 70
299 220 30 235 316 415 252 182 400 470 140 15 74 104 319 367 70 211 68 235
1 386 28 464 299 149 104 214 45 19 133 234 410 8 65 174 360 214 36 319
323 149 475 109 276 221 473 318 106 367 440 352 367 440 79 95 234 234 491 211
124 402 457 77 82 109 61 335 312 270 438 454 371 156 80 237 363 175 322 235
159 476 483 9 358 236 119 497 409 231 231 214 237 163 489 168 175 318 386 95
440 253 86 365 383 454 297 487 454 189 392 46 204 412 266 187 177 349 119 46
440 431 237 235 239 46 144 337 151 104 149 338 46 338 256 93 479 226 179 290
237 385 151 104 483 94 13 428 483 471 149 149 149 111 222 144 110 18 338 480
94 59 204 410 495 156 9 175 434 481 493 46 226 367 297 330 18 24 365 247
453 389 162 104 109 148 196 324 47 234 386 377 383 305 475 22 186 111 175 490
237 289 189 386 18 56 299 222 450 136 400 467 38 119 149 464 301 31 77 434
237 121 254 206 492 82 425 406 440 211 458 295 163 22 470 433 235 115 222 177
380 329 231 231 231 85 116 452 149 177 299 207 340 492 322 274 119 410 179 454
237 440 187 119 178 160 222 163 439 53 96 237 430 403 492 38 151 104 270 177
440 318 386 167 42 458 163 469 287 385 203 104 457 125 295 46 338 196 298 183
414 378 385 289 231 378 193 150 235 379 237 352 295 259 283 371 104 149 492 316
299 237 308 47 132 47 124 42 419 77 266 270 38 104 106 460 275 304 159 492
417 301 206 36 433 237 425 411 269 115 119 46 79 46 338 406 367 92 47 383
109 196 13 157 318 386 272 104 319 163 378 163 97 221 189 371 438 88 293 247
440 120 35 487 24 154 24 83 204 112 238 454 112 188 437 454 435 269 238 204
257 231 356 301 187 7 460 301 383 379 226 299 105 383 105 393 441 347 57 158
237 5 395 362 237 438 131 185 78 123 437 460 184 296 363 459 456 190 318 106
383 282 428 435 15 15 196 302 182 330 18 185 78 225 216 203 437 275 297 297
237 386 96 352 369 177 96 428 196 148 301 287 237 492 274 465 433 203 390 299
332 439 454 96 85 217 203 163 492 10 110 3 77 130 36 478 450 59 431 338
187 95 403 492 459 383 327 204 258 206 3 109 73 368 155 410 373 367 440 454
481 429 290 5 438 386 46 390 120 326 237 74 184 389 221 287 184 46 457 46
237 417 299 131 458 204 440 204 319 235 336 458 55 47 56 368 339 425 389 301
412 266 275 115 274 467 213 237 352 270 379 438 419 462 383 56 382 457 318 177
237 146 464 438 119 317 289 328 235 237 436 371 180 275 383 179 19 433 163 239
231 350 216 470 204 356 458 385 450 412 416 376 359 287 403 275 440 318 371 375
18 222 237 214 342 163 333 130 425 385 386 288 338 419 419 203 167 56 441 106
237 190 449 409 332 365 299 278 237 155 378 261 40 341 405 409 204 454 409 2
380 492 185 253 242 335 311 237 110 235 338 273 34 433 158 284 383 222 19 459
237 444 298 404 193 99 487 18 289 259 133 412 318 247 378 193 458 378 458 180
440 371 235 147 445 120 323 469 204 258 440 252 457 23 367 70 386 191 464 164
18 317 151 412 217 299 204 454 96 386 93 328 126 237 129 35 36 386 46 470
237 477 10 103 237 476 213 119 297 353 190 318 386 301 356 332 283 156 475 363
18 433 63 401 156 96 105 297 386 487 156 52 177 1 20 338 417 332 383 163
237 133 417 492 77 454 109 175 425 109 253 406 318 175 204 250 281 74 104 483
59 237 38 412 200 386 332 257 212 204 1 74 489 106 222 394 474 34 301 284
403 204 42 449 310 479 226 464 259 39 440 386 203 355 150 253 338 148 104 448
469 47 237 214 293 266 322 18 92 189 383 487 454 23 86 150 190 389 446 49
440 386 45 389 116 115 354 358 124 412 119 175 225 492 48 409 454 494 34 492
237 464 358 237 5 454 228 150 206 299 377 216 46 385 151 469 103 171 290 463
419 163 235 393 469 163 106 144 281 476 43 259 299 458 259 369 253 50 387 119
175 98 449 449 121 301 204 258 440 338 296 216 96 463 386 223 291 428 48 159
440 123 386 419 270 336 34 469 467 43 115 446 452 237 475 351 186 319 299 458
18 334 190 34 95 406 178 284 383 222 149 139 15 170 43 63 236 93 431 237
237 283 34 464 19 163 150 104 149 92 246 88 95 251 139 316 15 43 53 204
278 299 469 98 449 449 237 214 422 133 255 237 445 177 168 44 437 11 242 431
419 257 237 445 440 439 239 96 349 2 458 259 243 428 222 299 204 112 281 476
299 290 211 211 48 259 328 77 119 416 106 349 62 469 341 483 479 156 104 250
477 379 373 299 458 163 454 470 140 63 310 157 383 19 226 43 186 412 270 177
313 440 204 454 323 113 330 440 386 390 384 1 175 133 349 283 417 222 135 464
109 150 18 440 85 175 458 378 458 259 104 284 0 159 190 425 460 479 358 483
109 119 239 374 196 393 40 177 386 419 433 338 109 216 226 132 365 53 371 55
484 386 419 386 116 437 34 44 386 345 386 276 276 186 124 231 223 319 299 371
109 270 419 126 86 336 453 495 318 410 221 299 223 214 74 363 338 475 363 34
452 405 157 104 319 284 150 412 82 292 435 368 277 163 469 454 144 386 235 347
237 419 257 237 464 465 173 104 250 452 449 121 299 95 492 135 186 412 421 464
378 351 248 252 222 86 270 462 410 447 371 443 46 253 378 398 259 308 345 37
299 483 360 214 395 186 363 338 186 386 161 234 386 464 301 495 242 297 161 149
237 473 63 47 282 175 316 309 378 458 133 218 53 454 297 83 247 109 340 405
237 278 168 462 383 383 94 276 77 259 298 235 323 426 342 96 204 480 410 460
406 175 313 412 299 255 51 405 50 23 458 410 146 36 240 284 270 462 383 133
237 96 371 45 179 495 328 433 172 386 7 312 102 449 34 460 406 150 406 289
47 225 216 445 270 371 333 151 433 267 157 187 458 479 338 424 250 318 54 18
140 239 411 318 33 487 259 378 459 163 171 470 386 76 114 301 31 130 96 394
446 213 384 299 458 343 206 451 425 464 146 328 3 226 43 187 299 424 62 469
378 299 173 458 193 458 184 410 425 108 371 386 144 221 460 358 254 425 163 437
440 163 203 189 482 11 217 46 95 222 15 323 270 368 173 95 95 99 429 240
149 406 289 318 386 150 270 429 386 390 406 229 235 235 310 403 460 124 412 68
44 77 410 363 226 235 289 286 163 149 237 163 492 150 412 143 217 290 222 111
213 471 237 163 316 139 363 177 299 363 320 177 119 332 409 163 295 253 103 216
237 17 3 385 244 186 235 440 112 386 290 367 440 250 228 390 436 151 437 222
440 175 440 462 65 316 487 250 277 363 321 383 23 56 116 250 475 185 34 299
440 196 443 23 274 111 461 174 270 225 204 226 193 445 42 149 454 138 250 469
412 276 363 220 299 471 94 235 235 48 109 440 204 402 454 301 204 146 187 5
119 185 211 492 411 440 220 383 481 275 247 328 231 338 458 77 375 237 37 412
177 18 440 454 371 381 378 317 186 185 80 349 464 438 416 106 271 454 297 48
346 235 393 446 283 148 429 149 283 419 205 293 120 109 448 492 254 42 383 241
237 240 342 295 487 386 77 443 319 410 265 223 440 289 193 316 195 417 50 226
439 239 386 93 196 130 386 126 243 299 438 295 54 11 222 367 344 235 326 46
133 18 109 13 275 440 461 462 281 333 295 163 279 159 462 109 237 417 33 372
237 417 426 14 378 68 363 447 259 450 247 219 36 378 335 163 237 290 69 46
237 417 332 259 235 231 19 338 254 308 63 457 46 167 20 257 440 237 385 297
469 112 47 253 431 214 365 97 380 163 203 102 366 492 15 43 106 405 259 367
439 386 186 417 436 454 410 293 266 316 372 467 401 366 426 353 149 193 400 167
237 385 151 141 44 190 338 403 367 289 385 180 409 483 175 475 115 104 211 417
299 104 56 383 185 428 236 369 358 22 461 288 18 115 53 221 77 77 417 190
318 165 305 382 387 47 483 483 425 219 151 270 380 204 178 154 77 234 454 318
371 74 163 299 386 169 336 149 399 36 33 226 46 406 289 397 301 196 386 235
440 222 270 207 490 259 411 366 299 237 492 93 204 275 219 216 338 440 89 412
237 33 109 417 111 60 126 440 85 189 299 469 449 272 19 104 15 221 378 209
440 405 157 3 19 272 385 297 194 311 237 193 196 60 218 74 154 410 237 99
401 367 433 208 206 288 440 112 33 228 419 324 412 154 367 440 371 119 335 187
318 309 165 460 400 175 301 371 493 439 338 196 488 425 179 318 130 299 494 34
237 289 77 438 386 435 461 46 383 383 440 287 160 429 154 155 2 331 487 415
270 276 213 235 276 38 458 119 165 211 385 122 409 290 187 386 438 386 299 449
119 459 163 163 333 386 210 454 363 386 94 250 29 406 411 131 365 386 235 18
237 228 150 214 440 0 237 425 391 410 18 143 410 46 83 278 454 234 225 55
299 350 300 163 274 270 438 296 102 265 54 367 383 247 385 151 461 332 437 112
440 386 390 289 55 275 159 206 109 115 412 196 437 378 492 104 42 60 9 22
59 369 237 301 442 77 458 163 149 163 109 253 93 371 262 109 154 318 236 368
277 85 46 352 367 126 409 258 440 154 383 410 11 76 424 479 435 77 448 239
18 270 447 371 235 310 163 386 17 290 399 283 105 288 338 120 298 193 458 378
406 356 157 412 492 274 322 34 469 219 258 495 162 115 46 221 455 216 490 259
418 386 444 237 385 297 410 235 336 365 386 461 270 469 31 104 10 37 216 318
237 228 177 440 204 44 46 38 367 440 435 130 99 17 94 338 454 172 78 237
237 119 335 295 214 360 214 36 386 54 464 449 190 383 151 483 215 226 360 338
440 397 386 336 440 386 484 178 253 469 70 164 163 289 163 316 46 310 235 412
219 63 299 371 270 386 352 237 410 454 214 119 106 405 383 222 492 104 342 36
440 237 74 40 386 190 93 297 18 185 211 381 47 95 164 185 109 273 499 368
412 276 150 196 454 297 449 120 31 124 111 223 239 425 462 237 432 454 386 161
18 20 386 336 163 40 33 86 48 40 458 393 237 454 74 259 402 454 429 383
237 438 469 53 258 385 13 101 156 177 15 288 76 94 237 368 449 60 135 2
255 440 455 386 163 193 310 235 46 409 163 163 378 149 397 1 368 139 151 435
237 464 105 299 264 493 301 253 20 467 259 410 223 383 355 419 323 406 339 237
237 155 410 237 36 464 150 270 31 295 163 149 65 15 148 46 135 475 133 237
237 489 469 255 237 33 406 385 151 301 495 379 185 237 68 133 116 115 151 148
237 125 431 443 325 235 338 237 247 406 310 211 467 42 42 426 237 492 412 334
237 74 410 163 299 239 47 124 94 226 429 386 237 386 114 449 401 338 449 409
270 95 95 412 301 163 255 151 38 435 400 494 216 162 196 373 457 46 367 454
412 425 483 436 260 279 139 242 235 48 237 157 270 116 274 358 270 103 222 386
440 167 397 207 12 395 186 253 110 42 117 175 284 213 141 175 211 349 204 406
159 266 316 196 388 239 149 105 317 436 386 417 151 203 161 454 409 406 406 318
237 74 386 417 122 410 237 289 462 17 1 108 149 119 163 149 214 231 175 206
219 1 203 213 454 237 119 95 492 18 405 412 299 94 170 36 14 351 124 237
208 414 47 250 110 158 43 222 338 120 149 425 479 433 96 245 291 351 148 149
237 334 74 120 482 104 405 79 46 272 360 440 8 340 18 225 95 214 237 163
440 145 161 8 237 258 440 204 454 158 328 377 298 23 204 83 381 36 109 35
237 287 46 382 130 495 492 327 32 223 208 251 460 34 112 92 236 249 215 250
233 214 280 180 412 476 189 226 458 239 422 99 42 161 454 386 217 150 190 371
18 150 237 410 120 1 109 386 213 464 439 484 383 383 193 19 30 419 34 438
385 242 385 193 174 222 104 242 356 441 115 149 474 491 22 223 28 385 95 360
237 438 290 138 46 104 483 316 477 400 316 358 412 483 193 150 93 424 265 223
440 175 419 496 338 341 47 193 53 410 96 85 386 158 219 290 151 284 190 381
196 96 30 122 406 410 247 385 151 152 135 301 57 488 318 31 428 387 204 82
257 462 383 338 247 70 452 492 31 431 412 290 311 28 119 168 458 288 15 475
270 81 417 310 436 309 452 87 371 222 163 428 316 85 460 358 119 178 172 44
440 163 316 288 119 178 383 459 163 234 72 454 425 378 383 251 262 422 73 20
412 150 45 163 386 386 390 299 460 254 146 262 274 341 119 410 316 177 206 462
237 492 311 199 71 138 492 426 467 222 347 174 259 177 412 234 434 396 406 119
124 237 221 386 301 487 231 458 259 125 318 470 454 419 81 454 392 151 334 74
237 475 150 299 385 5 17 483 483 483 483 483 479 3 475 60 471 338 490 323
94 35 335 18 60 18 289 428 85 379 193 403 204 402 454 222 299 237 492 185
94 35 115 18 53 211 157 150 253 469 242 74 464 103 493 229 263 483 471 149
237 17 302 305 489 255 440 151 0 221 401 70 367 83 109 222 216 15 397 92
280 349 383 163 157 76 383 367 259 226 419 270 173 225 371 53 193 104 149 386
237 289 296 299 469 493 301 53 239 386 438 380 317 180 211 184 383 222 106 479
150 253 419 411 338 237 237 449 163 440 163 53 412 299 30 301 385 385 222 378
41 237 47 104 452 214 372 105 378 385 151 226 128 386 419 344 259 386 150 269
237 390 417 438 89 222 299 458 163 428 323 85 33 161 250 149 157 158 322 47
237 283 478 225 47 124 209 65 250 237 175 410 235 440 270 338 490 159 495 247
270 431 386 235 458 163 469 214 363 165 419 205 161 334 116 467 161 149 477 361
63 104 109 32 338 18 464 458 204 454 5 38 454 297 435 15 435 196 284 132
249 299 290 231 20 150 452 358 429 440 386 422 429 218 438 259 95 299 469 371
289 318 6 274 181 235 235 464 85 495 405 259 317 452 139 397 127 386 417 157
237 419 237 253 468 56 115 317 254 177 338 151 124 338 46 79 140 234 385 318
35 86 115 383 94 53 204 204 68 77 300 218 352 105 228 378 220 19 297 454
440 386 438 86 18 228 119 178 383 338 396 9 360 253 65 214 73 186 18 115
178 214 363 30 33 449 449 203 327 299 19 214 185 441 250 15 239 319 458 378
237 352 204 454 428 435 111 368 460 111 306 460 494 204 454 44 381 334 438 51
237 352 222 163 299 43 386 246 401 449 433 163 432 367 454 289 39 386 198 144
440 454 46 48 259 297 454 270 95 54 91 347 454 425 385 378 385 335 345 449
419 406 185 419 133 237 204 454 122 409 282 167 170 23 389 96 389 151 86 72
440 46 20 104 465 92 214 214 431 358 119 324 275 301 338 454 30 381 383 36
296 410 18 474 296 405 481 442 70 464 279 239 157 489 469 464 299 458 138 85
403 104 318 367 289 319 275 418 379 327 175 231 389 65 359 338 409 451 59 296
237 150 231 119 452 0 457 77 24 288 119 331 458 259 57 234 204 454 281 454
237 301 385 397 96 347 495 318 286 460 301 133 349 193 458 378 19 48 73 95
476 104 483 242 409 110 18 412 447 214 20 477 94 489 237 74 464 130 385 180
419 257 237 94 302 44 487 46 48 312 96 204 283 204 412 281 495 299 46 370
440 211 185 411 349 467 450 35 385 418 297 82 250 318 33 383 495 76 338 139
299 237 476 47 124 257 386 406 185 149 298 41 386 235 235 338 237 68 77 190
54 412 419 418 274 9 449 438 106 476 10 19 343 358 291 339 161 350 68 163
237 454 433 250 138 290 115 419 406 185 237 191 177 270 225 454 80 449 121 293
237 156 34 96 204 204 454 297 93 138 299 131 4 429 474 204 99 454 492 222
237 179 69 487 109 287 157 458 259 9 175 171 163 469 193 94 345 405 449 210
440 352 237 318 367 454 289 318 233 73 365 383 247 460 479 226 301 187 479 15
371 347 31 410 18 365 386 33 386 77 169 454 74 410 320 340 371 333 386 18
440 86 342 35 352 58 55 365 386 18 407 374 237 333 340 161 234 240 186 269
237 444 281 5 158 322 298 445 389 157 295 124 338 26 231 163 353 447 149 163
237 425 237 214 124 338 445 440 4 269 257 237 386 94 464 33 237 492 426 316
462 410 265 104 495 105 44 297 48 440 214 237 258 440 58 259 458 386 201 412
237 417 279 339 435 103 327 458 487 329 360 68 363 415 122 18 9 150 437 416
237 138 406 150 412 124 231 184 71 231 231 163 375 146 162 104 24 63 106 185
318 285 179 19 441 464 409 268 32 94 15 53 78 462 63 235 275 237 386 190
440 53 355 290 411 237 449 18 139 57 204 454 211 48 259 34 464 454 321 247
237 417 358 47 419 188 13 317 237 119 115 104 478 276 310 163 386 235 389 458
378 301 193 196 234 175 456 491 342 492 2 96 223 163 203 334 308 204 149 104
299 159 10 439 119 120 84 50 196 53 49 104 483 483 208 483 275 440 319 410
299 248 239 414 474 175 237 352 152 99 223 150 282 179 383 73 487 37 454 297
440 11 104 318 389 134 109 378 19 410 462 389 265 42 359 338 33 116 449 390
365 149 410 187 237 464 167 448 301 204 162 415 162 20 299 400 60 9 410 119
237 33 205 333 299 47 104 85 433 438 386 158 119 175 335 390 419 119 458 163
120 159 383 47 94 257 68 259 181 236 255 179 454 86 247 386 283 237 454 119
406 289 318 383 458 259 57 56 57 60 66 412 191 411 231 231 367 35 163 282
440 186 119 363 107 19 378 360 334 193 62 115 149 440 121 237 120 31 259 386
237 228 436 204 77 339 103 184 74 475 449 338 119 144 235 259 464 454 96 109
476 186 319 239 109 318 449 93 132 383 440 163 492 185 119 120 69 386 367 299
304 389 365 53 115 221 460 187 389 284 119 478 297 31 133 221 495 299 385 151
80 237 65 288 172 318 77 18 383 117 222 104 15 231 204 458 288 449 13 481
237 33 105 187 297 454 297 210 104 299 14 378 385 115 420 264 24 270 110 400
419 257 440 237 386 165 396 299 461 383 139 111 67 33 106 460 334 410 77 190
18 185 465 138 299 36 115 235 336 237 282 338 151 8 89 299 471 275 237 247
104 480 457 173 293 405 383 265 378 209 117 493 213 475 115 149 83 222 213 270
237 419 279 419 362 402 133 384 57 56 270 126 32 175 411 412 329 124 149 177
237 419 124 237 445 440 102 165 57 227 363 19 331 367 406 46 48 157 237 163
481 115 237 445 40 290 438 163 237 454 425 304 270 477 9 176 467 3 191 276
18 476 237 140 417 332 18 352 179 204 63 316 338 338 42 149 122 409 454 148
237 444 492 105 163 163 469 163 299 301 6 228 474 378 293 383 92 235 458 441
35 272 279 242 34 299 458 193 19 288 415 358 478 464 331 359 389 120 31 206
237 289 185 149 111 293 185 441 492 338 119 106 168 240 489 425 120 223 412 329
270 46 219 171 474 231 231 35 163 237 274 215 460 38 390 270 458 378 458 259
257 342 163 464 253 0 144 117 354 22 490 229 8 322 447 154 31 150 154 126
104 292 295 57 159 391 386 5 424 373 104 24 171 449 42 290 297 483 276 222
411 237 116 360 163 386 492 20 223 356 417 332 18 121 204 411 163 492 379 216
109 458 47 175 55 42 449 492 204 211 382 37 283 186 66 320 214 124 193 458
237 425 397 385 126 19 226 92 104 379 444 63 483 483 464 242 270 190 222 53
237 301 371 124 94 296 223 25 270 419 449 163 30 489 149 412 231 163 187 419
43 386 401 184 174 237 352 371 259 464 112 326 94 216 219 124 279 47 148 214
342 163 203 163 149 338 184 461 371 18 334 458 378 435 250 54 150 175 157 86
419 163 383 144 481 57 458 204 338 328 17 390 417 23 318 383 193 162 373 378
332 250 69 211 458 193 193 77 371 225 94 471 409 492 156 222 47 63 177 235
231 214 37 119 378 410 410 77 438 324 239 386 259 459 204 454 275 240 236 464
462 299 333 276 150 239 386 235 217 172 235 487 8 377 94 412 299 8 100 476
419 438 386 95 269 274 270 419 257 237 417 97 453 301 204 454 297 206 18 317
289 240 342 295 133 167 204 454 297 364 366 28 235 124 218 274 351 177 425 231
237 23 225 382 435 77 464 174 150 151 275 45 163 386 198 96 335 236 358 284
237 179 299 456 190 60 266 331 489 274 389 216 78 237 115 274 358 412 270 46
237 175 18 109 222 439 454 378 110 124 237 342 259 237 112 390 299 469 299 458
440 18 185 151 275 317 89 454 409 204 167 247 358 120 461 331 426 237 492 341
440 159 486 249 150 270 81 317 151 458 234 271 281 454 281 476 237 17 149 439
231 163 358 370 54 289 173 45 150 239 157 483 319 106 464 492 115 412 386 229
270 447 105 163 378 406 85 229 435 417 406 305 412 299 331 163 237 492 223 214
325 269 419 406 115 269 151 95 46 151 461 336 221 144 265 42 485 175 235 375
406 289 318 225 334 318 417 151 334 378 282 146 412 245 64 360 214 180 448 492
159 476 151 46 48 458 226 336 164 163 106 175 157 421 322 226 45 231 492 185
237 301 133 180 383 193 253 270 116 43 495 204 410 175 18 297 48 18 66 319
25 35 36 55 163 471 454 148 287 352 269 360 163 163 395 360 63 457 77 187
270 371 460 339 374 495 458 204 204 162 449 412 386 271 237 193 204 174 175 35
18 317 151 149 409 63 53 301 279 301 369 235 412 28 429 317 339 454 406 454
237 452 120 338 409 492 185 169 441 105 53 204 454 278 454 157 176 266 476 150
237 385 151 454 297 483 483 479 424 226 135 446 235 48 440 270 461 276 235 72
18 317 186 119 178 172 389 487 231 196 481 499 492 222 394 458 478 289 385 297
131 317 461 290 435 400 70 386 295 406 80 386 406 259 322 431 98 383 112 19
419 257 237 163 86 18 163 18 475 283 218 478 288 431 148 94 149 154 169 444
299 95 46 390 299 126 150 417 175 235 207 128 492 42 234 60 190 96 6 92
25 495 50 208 277 105 440 46 46 53 120 111 207 465 353 378 270 0 163 203
18 36 157 259 412 436 0 174 231 338 249 355 489 386 332 18 458 30 409 406
228 177 431 456 406 6 164 299 464 235 270 323 335 336 237 439 460 54 221 159
440 55 204 458 457 478 385 297 464 237 492 104 318 106 405 383 425 68 140 75
237 119 407 242 299 25 18 109 367 454 297 333 316 196 437 297 70 440 454 297
54 221 464 216 13 440 241 367 440 386 28 425 258 237 250 365 115 383 163 299
299 46 149 31 336 440 85 481 222 86 417 371 76 378 282 120 190 483 322 176
150 237 289 329 26 69 485 464 33 175 481 275 344 475 347 235 18 496 317 57
380 47 237 253 385 352 95 234 125 342 487 317 157 130 11 406 406 282 426 56
175 468 351 162 156 254 322 265 319 50 237 454 36 185 126 177 18 468 11 445
237 79 371 55 163 333 333 299 204 44 352 235 203 424 237 344 309 383 356 69
237 406 334 434 365 386 444 54 439 194 42 222 338 193 141 431 371 200 157 146
18 156 299 385 284 383 449 79 111 204 112 35 163 256 452 386 235 277 2 80
18 458 225 301 214 231 214 55 363 124 490 355 299 127 79 483 449 338 469 47
414 446 34 283 104 109 481 339 227 369 358 361 425 351 120 394 19 222 419 257
237 222 172 385 193 458 163 122 454 442 251 425 231 231 405 211 204 450 237 352
403 3 14 108 274 99 18 371 46 20 154 237 154 237 352 445 440 386 390 299
403 492 220 299 340 109 6 253 48 297 437 104 405 383 187 53 301 479 258 199
109 119 178 160 297 461 77 212 196 14 311 294 163 163 253 173 177 269 151 222
18 368 289 180 203 338 104 297 435 461 458 378 458 163 489 386 435 162 196 85
124 237 299 237 290 109 257 484 464 253 331 378 85 333 104 193 338 464 208 223
380 63 104 15 163 163 115 177 415 82 271 237 283 119 98 31 435 400 330 440
178 239 270 95 419 146 18 332 54 378 439 30 235 365 386 461 495 299 211 406
237 385 151 115 149 298 412 55 288 231 367 299 43 469 389 275 92 409 299 469
419 44 106 410 383 378 193 163 175 104 318 386 351 116 338 219 95 379 367 409
440 43 48 104 214 53 204 120 439 144 175 193 120 237 464 104 250 395 409 383
419 257 441 438 386 454 9 426 107 95 104 417 214 358 63 429 158 150 266 424
406 279 360 151 222 104 60 250 450 168 115 149 443 119 168 412 483 299 151 371
168 99 32 95 38 458 185 462 288 279 386 395 149 106 175 448 237 187 370 105
319 163 386 140 292 42 53 328 18 458 85 54 159 462 77 461 223 30 31 263
54 212 95 46 398 62 283 186 68 322 490 139 148 214 250 298 454 297 483 329
18 47 237 164 454 34 464 301 204 187 129 295 470 204 214 391 270 46 428 138
425 425 35 337 397 295 163 242 378 428 112 414 46 409 163 141 372 378 65 163
440 489 384 386 175 104 345 179 77 383 174 471 412 419 94 417 54 332 428 458
419 257 237 168 290 113 185 105 42 458 0 63 429 270 438 163 465 289 237 222
